num1,num2,numsum

146,796,942

580,817,1397

62,500,562

706,255,961

569,582,1151

958,135,1093

215,10,225

842,530,1372

630,382,1012

832,843,1675

340,939,1279

54,142,196

938,724,1662

248,907,1155

319,467,786

274,201,475

113,619,732

408,127,535

481,468,949

754,513,1267

832,156,988

229,350,579

457,490,947

134,598,732

376,867,1243

412,119,531

322,595,917

376,439,815

701,120,821

888,101,989

741,785,1526

369,529,898

127,3,130

530,35,565

550,670,1220

655,586,1241

400,442,842

926,317,1243

657,702,1359

118,88,206

906,570,1476

239,297,536

225,806,1031

874,829,1703

58,812,870

361,69,430

200,909,1109

591,510,1101

850,498,1348

188,400,588

763,739,1502

141,541,682

1,523,524

902,685,1587

930,455,1385

561,335,896

804,555,1359

101,547,648

62,899,961

670,275,945

232,666,898

854,405,1259

222,440,662

381,116,497

82,740,822

31,93,124

948,881,1829

392,726,1118

910,287,1197

505,610,1115

559,380,939

850,485,1335

178,613,791

499,873,1372

460,181,641

833,884,1717

54,746,800

476,666,1142

28,907,935

672,403,1075

670,88,758

665,163,828

280,699,979

20,702,722

879,678,1557

43,823,866

261,792,1053

654,244,898

234,413,647

756,923,1679

606,976,1582

485,217,702

183,904,1087

203,138,341

847,509,1356

819,846,1665

423,107,530

33,701,734

156,657,813

600,328,928

896,405,1301

311,883,1194

653,837,1490

498,439,937

580,131,711

789,376,1165

182,941,1123

593,683,1276

919,253,1172

949,53,1002

276,707,983

78,184,262

233,444,677

992,404,1396

897,69,966

512,399,911

845,216,1061

477,864,1341

875,459,1334

136,130,266

968,75,1043

593,570,1163

73,464,537

976,499,1475

500,666,1166

994,811,1805

736,97,833

808,28,836

87,828,915

784,794,1578

455,795,1250

112,90,202

861,588,1449

985,863,1848

970,446,1416

71,189,260

320,165,485

743,974,1717

225,416,641

137,962,1099

600,193,793

597,429,1026

330,630,960

905,916,1821

714,898,1612

974,539,1513

244,486,730

827,202,1029

835,279,1114

20,873,893

616,641,1257

795,540,1335

171,343,514

732,752,1484

402,94,496

377,755,1132

964,974,1938

173,635,808

242,571,813

163,137,300

445,552,997

23,614,637

862,277,1139

692,655,1347

819,730,1549

960,935,1895

179,679,858

304,141,445

492,896,1388

558,793,1351

208,181,389

84,842,926

31,937,968

95,699,794

938,438,1376

691,922,1613

453,753,1206

111,977,1088

262,397,659

782,91,873

245,961,1206

475,543,1018

249,704,953

558,790,1348

165,824,989

532,989,1521

286,475,761

599,703,1302

462,65,527

721,939,1660

499,48,547

380,408,788

98,107,205

532,32,564

647,413,1060

946,833,1779

796,287,1083

269,673,942

864,281,1145

491,117,608

389,678,1067

847,775,1622

953,215,1168

651,61,712

477,389,866

104,403,507

686,861,1547

166,533,699

828,67,895

113,852,965

18,180,198

935,892,1827

240,823,1063

521,504,1025

418,694,1112

220,812,1032

253,122,375

561,928,1489

437,47,484

391,117,508

491,242,733

6,937,943

919,394,1313

708,316,1024

686,136,822

819,795,1614

540,207,747

325,959,1284

983,16,999

893,88,981

761,982,1743

907,573,1480

70,69,139

872,982,1854

987,812,1799

573,388,961

652,909,1561

403,724,1127

136,143,279

367,758,1125

212,83,295

917,714,1631

517,355,872

26,25,51

312,769,1081

348,721,1069

485,115,600

263,309,572

999,685,1684

999,835,1834

725,107,832

909,974,1883

816,724,1540

651,704,1355

449,194,643

633,424,1057

877,498,1375

380,969,1349

361,311,672

834,562,1396

446,362,808

898,448,1346

848,58,906

558,148,706

92,922,1014

790,273,1063

192,734,926

447,13,460

849,926,1775

113,30,143

168,535,703

102,926,1028

632,961,1593

713,498,1211

861,773,1634

524,518,1042

264,1,265

124,979,1103

34,776,810

102,286,388

553,635,1188

266,274,540

297,364,661

758,974,1732

120,770,890

128,58,186

502,751,1253

401,889,1290

211,122,333

97,807,904

229,36,265

999,136,1135

545,684,1229

516,199,715

386,315,701

963,570,1533

428,186,614

787,255,1042

591,905,1496

131,98,229

318,979,1297

728,991,1719

843,455,1298

789,329,1118

737,593,1330

206,693,899

670,924,1594

748,44,792

661,230,891

888,688,1576

70,665,735

447,34,481

316,54,370

95,520,615

793,668,1461

438,923,1361

467,831,1298

645,142,787

740,329,1069

767,657,1424

596,740,1336

903,504,1407

286,360,646

338,823,1161

868,967,1835

110,665,775

583,938,1521

635,870,1505

596,470,1066

480,79,559

657,999,1656

250,193,443

284,946,1230

378,933,1311

732,265,997

994,838,1832

427,915,1342

741,790,1531

257,597,854

625,364,989

697,655,1352

840,753,1593

418,739,1157

414,60,474

491,620,1111

393,950,1343

377,803,1180

641,515,1156

308,181,489

392,854,1246

624,299,923

324,631,955

527,623,1150

107,584,691

5,151,156

810,627,1437

127,262,389

749,231,980

611,224,835

249,36,285

333,327,660

990,316,1306

596,613,1209

184,97,281

589,6,595

351,486,837

180,196,376

935,421,1356

80,50,130

797,783,1580

260,590,850

495,418,913

539,195,734

732,468,1200

898,223,1121

771,84,855

62,789,851

744,352,1096

764,677,1441

298,375,673

837,972,1809

886,389,1275

219,117,336

540,948,1488

467,341,808

97,112,209

527,948,1475

984,596,1580

168,688,856

416,921,1337

292,628,920

786,27,813

484,932,1416

151,298,449

237,81,318

42,936,978

201,53,254

356,506,862

871,814,1685

663,109,772

700,201,901

905,441,1346

831,896,1727

957,833,1790

479,112,591

208,983,1191

414,419,833

178,214,392

645,984,1629

431,234,665

421,130,551

125,90,215

638,882,1520

293,445,738

37,406,443

910,385,1295

858,803,1661

834,650,1484

804,25,829

209,450,659

0,422,422

122,956,1078

758,363,1121

257,286,543

409,412,821

871,491,1362

259,288,547

654,591,1245

20,492,512

254,376,630

70,703,773

515,418,933

647,611,1258

993,70,1063

162,312,474

394,116,510

514,16,530

275,437,712

621,640,1261

811,802,1613

986,743,1729

917,717,1634

115,288,403

228,380,608

850,261,1111

433,929,1362

722,765,1487

153,926,1079

422,487,909

231,485,716

707,66,773

995,748,1743

823,753,1576

878,172,1050

458,692,1150

300,684,984

92,364,456

994,854,1848

464,720,1184

453,158,611

878,870,1748

624,255,879

490,297,787

53,896,949

154,721,875

881,943,1824

307,853,1160

662,531,1193

663,909,1572

487,443,930

359,584,943

436,709,1145

653,57,710

803,103,906

728,0,728

249,574,823

967,111,1078

935,318,1253

743,803,1546

202,273,475

37,894,931

76,976,1052

913,862,1775

414,809,1223

832,721,1553

911,171,1082

316,250,566

780,526,1306

251,310,561

96,215,311

339,788,1127

303,803,1106

302,813,1115

331,136,467

873,215,1088

629,131,760

286,464,750

181,977,1158

953,981,1934

114,269,383

40,909,949

649,375,1024

259,14,273

266,518,784

205,741,946

842,770,1612

434,918,1352

655,348,1003

453,106,559

397,976,1373

92,850,942

642,29,671

482,382,864

107,550,657

698,866,1564

401,747,1148

937,510,1447

874,417,1291

17,601,618

455,530,985

799,45,844

356,423,779

457,52,509

108,622,730

91,805,896

5,181,186

137,660,797

704,453,1157

226,771,997

605,457,1062

941,780,1721

430,623,1053

15,68,83

661,459,1120

117,974,1091

839,823,1662

14,616,630

793,849,1642

676,375,1051

856,46,902

485,999,1484

547,313,860

852,549,1401

116,807,923

960,55,1015

504,22,526

354,906,1260

492,307,799

636,960,1596

289,518,807

477,133,610

287,863,1150

372,473,845

474,615,1089

805,553,1358

904,377,1281

499,475,974

838,379,1217

84,395,479

440,798,1238

553,279,832

747,607,1354

143,947,1090

888,320,1208

597,707,1304

15,64,79

879,963,1842

34,313,347

756,991,1747

378,614,992

22,770,792

199,486,685

717,200,917

615,708,1323

306,412,718

441,170,611

10,58,68

1,172,173

812,794,1606

634,918,1552

893,546,1439

420,717,1137

848,951,1799

829,342,1171

486,188,674

37,722,759

538,325,863

710,462,1172

217,132,349

323,665,988

61,846,907

787,631,1418

549,438,987

494,563,1057

157,581,738

594,667,1261

73,132,205

14,845,859

485,933,1418

642,984,1626

196,656,852

497,762,1259

178,561,739

652,390,1042

410,905,1315

342,517,859

483,5,488

691,363,1054

942,239,1181

669,937,1606

582,546,1128

475,141,616

529,84,613

396,949,1345

729,7,736

17,985,1002

759,92,851

53,175,228

770,628,1398

700,55,755

465,699,1164

113,179,292

581,791,1372

243,550,793

792,92,884

802,282,1084

236,434,670

627,619,1246

362,344,706

713,688,1401

245,534,779

794,13,807

370,461,831

634,160,794

770,18,788

690,495,1185

402,745,1147

660,834,1494

821,10,831

291,912,1203

854,208,1062

306,263,569

996,918,1914

417,523,940

354,836,1190

998,40,1038

656,162,818

973,19,992

342,132,474

412,970,1382

580,376,956

149,726,875

955,793,1748

697,811,1508

542,762,1304

850,509,1359

869,398,1267

477,831,1308

285,138,423

491,106,597

650,253,903

847,242,1089

445,4,449

239,708,947

987,710,1697

47,648,695

229,493,722

525,752,1277

700,227,927

722,581,1303

269,742,1011

825,199,1024

609,843,1452

336,718,1054

176,673,849

890,569,1459

935,751,1686

469,604,1073

827,153,980

644,115,759

777,373,1150

865,821,1686

541,826,1367

210,537,747

585,803,1388

111,64,175

161,234,395

261,259,520

280,627,907

301,613,914

525,983,1508

737,923,1660

91,893,984

254,154,408

899,300,1199

374,95,469

307,668,975

958,537,1495

182,448,630

894,376,1270

549,587,1136

896,45,941

913,393,1306

164,122,286

906,458,1364

998,98,1096

850,153,1003

860,276,1136

356,842,1198

834,216,1050

790,286,1076

350,840,1190

730,589,1319

865,698,1563

240,728,968

640,233,873

885,205,1090

910,327,1237

492,699,1191

116,356,472

215,619,834

1,532,533

856,174,1030

820,69,889

673,703,1376

813,219,1032

797,187,984

269,643,912

710,467,1177

923,88,1011

261,999,1260

770,108,878

13,622,635

844,201,1045

597,390,987

578,206,784

554,665,1219

969,906,1875

890,978,1868

79,274,353

999,641,1640

362,840,1202

162,571,733

911,332,1243

937,178,1115

663,174,837

466,536,1002

790,227,1017

604,591,1195

12,641,653

236,450,686

186,468,654

640,780,1420

733,339,1072

309,793,1102

193,605,798

970,117,1087

668,387,1055

534,390,924

675,957,1632

850,284,1134

75,638,713

395,672,1067

474,313,787

671,606,1277

554,786,1340

222,73,295

407,202,609

608,125,733

942,663,1605

168,138,306

156,102,258

318,465,783

40,844,884

707,694,1401

858,609,1467

942,248,1190

373,469,842

566,492,1058

657,696,1353

577,508,1085

145,23,168

685,934,1619

200,314,514

324,365,689

855,966,1821

757,623,1380

491,129,620

402,103,505

379,202,581

982,757,1739

47,671,718

643,127,770

470,695,1165

252,308,560

653,749,1402

846,79,925

341,483,824

918,440,1358

866,547,1413

943,471,1414

385,972,1357

89,748,837

519,772,1291

800,189,989

738,787,1525

757,141,898

807,685,1492

194,542,736

34,152,186

888,834,1722

531,956,1487

108,898,1006

245,183,428

432,643,1075

82,19,101

550,106,656

711,1,712

9,763,772

108,761,869

489,456,945

653,412,1065

283,930,1213

148,746,894

383,743,1126

518,242,760

707,529,1236

676,745,1421

129,287,416

77,733,810

545,253,798

516,126,642

578,633,1211

410,308,718

993,510,1503

583,33,616

346,16,362

818,413,1231

54,65,119

668,722,1390

587,472,1059

278,402,680

944,946,1890

449,459,908

146,297,443

447,88,535

318,613,931

819,222,1041

807,626,1433

817,373,1190

252,466,718

342,738,1080

874,735,1609

724,102,826

987,314,1301

567,521,1088

61,94,155

225,633,858

282,136,418

287,644,931

809,237,1046

108,924,1032

516,636,1152

697,639,1336

308,359,667

474,951,1425

545,960,1505

576,192,768

892,872,1764

283,381,664

483,471,954

526,840,1366

722,626,1348

662,804,1466

684,803,1487

731,269,1000

445,185,630

73,137,210

896,234,1130

328,856,1184

30,173,203

768,657,1425

434,303,737

374,688,1062

214,221,435

325,186,511

371,679,1050

427,265,692

878,252,1130

254,187,441

327,160,487

788,111,899

556,512,1068

791,863,1654

412,960,1372

29,695,724

66,94,160

920,825,1745

293,962,1255

139,988,1127

752,914,1666

554,529,1083

817,148,965

39,285,324

284,537,821

543,441,984

499,319,818

400,885,1285

953,227,1180

984,212,1196

89,593,682

33,991,1024

650,882,1532

634,798,1432

112,818,930

550,762,1312

861,924,1785

91,595,686

788,916,1704

399,984,1383

948,522,1470

564,376,940

947,488,1435

377,503,880

953,87,1040

400,692,1092

678,96,774

861,810,1671

575,29,604

378,5,383

459,28,487

252,822,1074

764,154,918

50,173,223

373,16,389

370,66,436

180,572,752

323,586,909

445,238,683

806,756,1562

739,813,1552

750,877,1627

91,212,303

915,868,1783

158,836,994

103,110,213

55,58,113

711,79,790

315,899,1214

498,116,614

801,56,857

958,224,1182

671,555,1226

316,230,546

138,220,358

10,401,411

718,348,1066

217,384,601

414,953,1367

457,768,1225

877,888,1765

359,57,416

939,78,1017

499,377,876

418,559,977

943,404,1347

818,273,1091

129,857,986

690,96,786

97,486,583

853,514,1367

378,776,1154

629,342,971

676,50,726

48,900,948

380,836,1216

566,542,1108

942,698,1640

648,602,1250

339,791,1130

513,269,782

299,369,668

635,354,989

967,617,1584

803,147,950

982,703,1685

193,272,465

283,302,585

27,93,120

406,687,1093

216,408,624

422,572,994

290,638,928

312,287,599

550,989,1539

107,634,741

134,207,341

705,742,1447

75,873,948

755,875,1630

