num1,num2,numsum
731,951,1682
395,516,911
444,555,999
453,821,1274
307,287,594
66,571,637
296,903,1199
278,11,289
223,973,1196
438,720,1158
269,816,1085
517,948,1465
306,677,983
594,774,1368
698,168,866
589,680,1269
861,149,1010
800,294,1094
19,997,1016
63,454,517
772,704,1476
947,881,1828
712,13,725
6,850,856
826,42,868
225,149,374
204,280,484
883,597,1480
968,486,1454
851,848,1699
319,122,441
692,132,824
597,552,1149
965,172,1137
172,765,937
165,168,333
484,863,1347
726,334,1060
99,201,300
333,425,758
377,24,401
740,803,1543
526,408,934
642,172,814
406,665,1071
626,237,863
366,763,1129
805,555,1360
531,376,907
633,133,766
571,984,1555
210,29,239
775,913,1688
581,774,1355
474,600,1074
835,582,1417
177,311,488
931,904,1835
586,56,642
471,33,504
960,694,1654
716,744,1460
7,376,383
883,60,943
656,337,993
690,452,1142
628,595,1223
493,71,564
293,104,397
78,524,602
232,249,481
742,599,1341
146,12,158
571,548,1119
339,597,936
759,448,1207
800,445,1245
968,72,1040
832,852,1684
792,812,1604
377,576,953
402,54,456
512,340,852
420,353,773
997,256,1253
430,781,1211
84,448,532
895,100,995
947,471,1418
888,566,1454
681,146,827
465,729,1194
384,772,1156
983,757,1740
760,382,1142
720,881,1601
373,437,810
539,314,853
54,377,431
722,39,761
892,889,1781
117,183,300
435,985,1420
861,844,1705
73,139,212
954,99,1053
823,571,1394
78,253,331
647,466,1113
874,779,1653
876,828,1704
181,429,610
240,70,310
906,405,1311
620,775,1395
941,441,1382
573,267,840
41,203,244
851,869,1720
673,327,1000
874,520,1394
497,504,1001
45,535,580
410,69,479
872,729,1601
872,465,1337
792,668,1460
834,18,852
38,596,634
367,102,469
656,649,1305
345,701,1046
586,661,1247
521,960,1481
342,600,942
432,369,801
701,770,1471
282,334,616
364,551,915
84,858,942
347,189,536
640,346,986
460,452,912
365,882,1247
186,9,195
710,890,1600
63,185,248
627,9,636
360,372,732
125,268,393
977,516,1493
658,463,1121
52,186,238
719,500,1219
963,297,1260
826,290,1116
88,249,337
131,25,156
372,854,1226
25,828,853
875,617,1492
726,847,1573
664,61,725
252,328,580
691,158,849
101,490,591
47,204,251
44,68,112
26,258,284
178,473,651
973,238,1211
884,96,980
685,200,885
754,779,1533
891,274,1165
727,879,1606
622,941,1563
659,950,1609
274,831,1105
258,391,649
696,443,1139
842,216,1058
33,585,618
524,278,802
602,651,1253
558,716,1274
200,201,401
561,421,982
835,882,1717
649,838,1487
314,826,1140
636,183,819
757,8,765
596,394,990
407,212,619
894,888,1782
867,105,972
682,514,1196
178,439,617
233,765,998
606,877,1483
175,734,909
824,518,1342
967,901,1868
385,926,1311
982,558,1540
492,49,541
997,524,1521
858,670,1528
572,933,1505
240,499,739
600,646,1246
210,899,1109
86,851,937
358,888,1246
232,16,248
950,748,1698
456,158,614
739,107,846
5,4,9
645,291,936
31,737,768
910,471,1381
634,980,1614
327,846,1173
576,771,1347
138,557,695
686,898,1584
5,294,299
587,449,1036
916,377,1293
382,771,1153
74,147,221
619,459,1078
144,988,1132
765,932,1697
624,491,1115
594,587,1181
396,588,984
848,256,1104
903,159,1062
342,780,1122
881,276,1157
116,913,1029
924,329,1253
500,53,553
123,664,787
773,687,1460
16,761,777
54,279,333
157,201,358
410,449,859
96,520,616
122,666,788
452,850,1302
322,537,859
12,89,101
605,370,975
875,477,1352
514,249,763
15,505,520
664,87,751
592,356,948
400,856,1256
866,198,1064
57,746,803
130,373,503
910,705,1615
504,736,1240
547,101,648
582,298,880
655,437,1092
25,322,347
118,180,298
861,516,1377
522,401,923
537,250,787
67,422,489
770,150,920
10,368,378
933,653,1586
367,716,1083
200,610,810
434,167,601
34,808,842
352,686,1038
586,394,980
499,269,768
739,124,863
583,163,746
608,239,847
730,633,1363
657,569,1226
565,578,1143
307,909,1216
751,686,1437
151,17,168
715,239,954
213,231,444
463,156,619
3,579,582
777,147,924
832,66,898
319,791,1110
350,147,497
485,960,1445
430,69,499
887,423,1310
743,725,1468
812,238,1050
53,489,542
723,240,963
697,797,1494
563,385,948
487,583,1070
56,657,713
949,94,1043
370,457,827
296,653,949
281,116,397
706,939,1645
51,76,127
714,931,1645
558,195,753
443,118,561
487,72,559
167,710,877
414,322,736
90,718,808
33,680,713
919,546,1465
592,623,1215
922,284,1206
470,44,514
402,156,558
175,534,709
582,554,1136
998,749,1747
956,469,1425
733,70,803
336,622,958
401,753,1154
886,976,1862
701,969,1670
95,690,785
202,559,761
255,743,998
112,569,681
552,499,1051
267,749,1016
928,347,1275
264,838,1102
78,752,830
714,104,818
223,128,351
190,946,1136
698,798,1496
395,463,858
240,220,460
817,533,1350
531,102,633
846,149,995
660,598,1258
340,892,1232
452,755,1207
283,880,1163
510,900,1410
702,42,744
134,402,536
438,398,836
558,614,1172
758,884,1642
49,863,912
300,293,593
804,303,1107
305,37,342
32,689,721
531,192,723
113,908,1021
265,734,999
333,146,479
921,382,1303
148,123,271
559,348,907
500,908,1408
124,853,977
298,194,492
29,1,30
789,592,1381
891,6,897
157,313,470
506,984,1490
660,72,732
355,517,872
298,377,675
900,743,1643
77,924,1001
877,895,1772
658,673,1331
805,878,1683
827,828,1655
513,878,1391
675,282,957
709,643,1352
41,616,657
910,778,1688
56,52,108
689,370,1059
115,240,355
705,89,794
312,318,630
53,943,996
363,238,601
757,930,1687
553,612,1165
957,831,1788
675,819,1494
615,960,1575
367,241,608
59,567,626
484,577,1061
539,396,935
101,938,1039
774,36,810
62,895,957
439,893,1332
282,548,830
820,678,1498
440,164,604
493,770,1263
998,597,1595
132,33,165
598,989,1587
194,343,537
984,326,1310
943,486,1429
976,501,1477
635,762,1397
190,548,738
784,702,1486
159,269,428
862,994,1856
463,854,1317
498,598,1096
632,109,741
963,571,1534
309,733,1042
666,308,974
576,742,1318
980,484,1464
777,883,1660
363,783,1146
984,709,1693
838,61,899
630,889,1519
978,383,1361
789,984,1773
719,906,1625
925,208,1133
741,359,1100
276,202,478
868,538,1406
133,444,577
598,396,994
329,714,1043
33,958,991
835,747,1582
43,496,539
28,522,550
596,892,1488
733,744,1477
265,427,692
681,553,1234
873,224,1097
454,926,1380
658,843,1501
509,471,980
556,476,1032
263,73,336
503,241,744
254,390,644
848,643,1491
793,304,1097
300,119,419
538,13,551
408,135,543
593,683,1276
366,225,591
774,898,1672
203,226,429
516,326,842
406,685,1091
780,732,1512
464,835,1299
605,34,639
474,974,1448
453,822,1275
446,325,771
762,451,1213
910,267,1177
176,949,1125
45,630,675
813,318,1131
344,514,858
220,197,417
948,901,1849
549,620,1169
939,99,1038
78,367,445
632,712,1344
200,669,869
905,695,1600
210,352,562
777,351,1128
818,584,1402
125,115,240
735,908,1643
106,433,539
229,608,837
993,463,1456
399,770,1169
514,770,1284
766,657,1423
881,176,1057
868,305,1173
552,969,1521
624,753,1377
648,634,1282
364,974,1338
395,512,907
586,957,1543
516,387,903
115,577,692
759,170,929
955,217,1172
653,873,1526
128,706,834
552,627,1179
1,173,174
40,470,510
656,697,1353
708,74,782
307,760,1067
404,807,1211
842,145,987
287,386,673
80,873,953
145,865,1010
256,208,464
575,350,925
281,852,1133
953,635,1588
646,68,714
405,319,724
351,8,359
180,724,904
390,645,1035
828,185,1013
781,903,1684
529,663,1192
372,91,463
301,361,662
761,543,1304
973,853,1826
460,746,1206
997,293,1290
865,347,1212
84,422,506
693,182,875
278,688,966
280,530,810
730,901,1631
604,661,1265
283,966,1249
48,639,687
933,704,1637
611,957,1568
673,366,1039
501,50,551
669,605,1274
242,216,458
100,2,102
189,530,719
934,183,1117
89,940,1029
212,577,789
661,719,1380
55,166,221
325,152,477
363,105,468
858,698,1556
971,253,1224
175,901,1076
159,558,717
657,150,807
280,384,664
667,369,1036
326,528,854
467,982,1449
187,589,776
180,554,734
533,376,909
755,74,829
985,611,1596
746,442,1188
280,261,541
103,720,823
301,167,468
590,181,771
989,178,1167
941,616,1557
43,183,226
102,640,742
98,906,1004
488,834,1322
875,455,1330
131,469,600
982,278,1260
852,123,975
537,413,950
512,883,1395
473,120,593
986,229,1215
936,239,1175
133,680,813
270,727,997
494,95,589
722,780,1502
647,790,1437
916,457,1373
833,839,1672
70,360,430
963,257,1220
168,623,791
356,883,1239
89,348,437
957,309,1266
281,687,968
292,698,990
181,349,530
419,709,1128
708,903,1611
58,385,443
323,97,420
563,260,823
386,456,842
435,77,512
153,721,874
785,667,1452
290,84,374
369,796,1165
478,73,551
130,667,797
553,226,779
948,284,1232
462,196,658
678,717,1395
464,596,1060
307,75,382
157,861,1018
540,218,758
79,851,930
268,90,358
769,312,1081
503,927,1430
595,256,851
21,246,267
748,920,1668
898,571,1469
566,374,940
786,900,1686
809,212,1021
485,706,1191
490,570,1060
844,347,1191
298,205,503
896,815,1711
990,573,1563
82,628,710
447,639,1086
912,806,1718
727,126,853
787,705,1492
859,878,1737
981,219,1200
337,434,771
471,722,1193
184,164,348
577,769,1346
736,81,817
816,651,1467
364,979,1343
506,431,937
361,910,1271
624,16,640
743,871,1614
716,594,1310
526,768,1294
5,875,880
617,722,1339
213,575,788
921,964,1885
571,240,811
879,17,896
732,457,1189
646,432,1078
934,115,1049
993,68,1061
175,500,675
514,416,930
898,883,1781
136,519,655
912,884,1796
0,93,93
370,932,1302
363,604,967
342,365,707
249,102,351
735,352,1087
930,219,1149
261,712,973
120,467,587
564,450,1014
304,555,859
903,185,1088
562,543,1105
504,38,542
369,435,804
577,554,1131
907,199,1106
114,334,448
511,925,1436
900,913,1813
60,988,1048
774,313,1087
155,268,423
329,967,1296
577,640,1217
934,77,1011
459,806,1265
393,165,558
611,736,1347
762,466,1228
316,856,1172
920,312,1232
695,303,998
194,687,881
116,704,820
655,223,878
130,480,610
767,496,1263
772,413,1185
445,105,550
457,723,1180
876,795,1671
168,805,973
627,511,1138
707,869,1576
941,882,1823
646,307,953
394,320,714
957,534,1491
368,158,526
99,938,1037
605,87,692
202,376,578
579,734,1313
618,655,1273
529,881,1410
538,47,585
876,574,1450
561,715,1276
437,976,1413
646,830,1476
389,862,1251
113,244,357
794,97,891
572,603,1175
375,348,723
686,647,1333
87,598,685
939,3,942
521,258,779
950,846,1796
941,908,1849
836,739,1575
284,57,341
398,986,1384
559,295,854
880,917,1797
955,358,1313
593,603,1196
149,100,249
739,13,752
877,915,1792
915,390,1305
323,841,1164
385,31,416
15,863,878
654,8,662
920,426,1346
357,890,1247
600,726,1326
673,521,1194
906,297,1203
786,338,1124
231,847,1078
596,602,1198
347,965,1312
780,131,911
606,699,1305
38,365,403
477,751,1228
848,396,1244
975,854,1829
296,347,643
451,211,662
611,748,1359
423,877,1300
562,715,1277
124,638,762
929,279,1208
542,963,1505
246,947,1193
985,588,1573
704,466,1170
397,786,1183
501,468,969
825,484,1309
311,908,1219
943,353,1296
876,746,1622
998,373,1371
507,516,1023
468,316,784
108,335,443
963,528,1491
399,669,1068
789,155,944
603,129,732
252,967,1219
765,489,1254
940,559,1499
894,962,1856
606,661,1267
992,340,1332
852,776,1628
411,339,750
364,754,1118
364,104,468
604,571,1175
676,940,1616
218,404,622
668,420,1088
538,550,1088
944,818,1762
377,401,778
26,718,744
790,257,1047
933,174,1107
929,404,1333
257,188,445
108,794,902
285,772,1057
278,328,606
624,888,1512
900,600,1500
550,376,926
895,906,1801
850,298,1148
331,443,774
54,248,302
288,558,846
320,700,1020
759,394,1153
559,13,572
312,950,1262
864,810,1674
677,529,1206
831,669,1500
245,658,903
798,41,839
630,713,1343
539,410,949
66,942,1008
261,46,307
410,910,1320
820,318,1138
889,734,1623
919,304,1223
446,769,1215
182,306,488
94,774,868
44,512,556
70,642,712
495,852,1347
644,424,1068
804,846,1650
191,639,830
869,727,1596
178,363,541
184,834,1018
329,809,1138
564,749,1313
581,941,1522
163,963,1126
117,974,1091
5,420,425
84,679,763
616,111,727
679,360,1039
112,848,960
724,306,1030
647,598,1245
70,157,227
996,930,1926
182,716,898
676,76,752
410,590,1000
592,208,800
219,365,584
106,181,287
315,929,1244
105,456,561
48,65,113
557,176,733
86,828,914
866,184,1050
332,293,625
605,104,709
66,658,724
608,764,1372
729,376,1105
514,854,1368
290,116,406
614,971,1585
274,537,811
896,403,1299
97,260,357
654,980,1634
946,21,967
541,47,588
988,534,1522
148,516,664
983,61,1044
549,770,1319
309,374,683
161,798,959
146,690,836
510,293,803
139,607,746
605,969,1574
510,868,1378
877,19,896
628,81,709
657,586,1243
182,81,263
951,332,1283
690,874,1564
738,462,1200
45,285,330
192,583,775
275,620,895
767,222,989
293,540,833
794,296,1090
740,439,1179
111,49,160
38,226,264
198,54,252
901,843,1744
675,710,1385
173,721,894
519,835,1354
373,560,933
872,599,1471
888,307,1195
542,271,813
706,832,1538
306,743,1049
601,703,1304
662,574,1236
776,373,1149
232,30,262
456,313,769
166,946,1112
234,685,919
861,289,1150
466,295,761
796,663,1459
260,115,375
96,483,579
459,689,1148
988,589,1577
174,927,1101
219,979,1198
796,113,909
571,34,605
215,995,1210
584,280,864
278,550,828
372,635,1007
663,778,1441
856,623,1479
378,983,1361
414,664,1078
798,846,1644
922,38,960
945,939,1884
41,725,766
3,696,699
456,61,517
149,143,292
601,752,1353
85,790,875
324,800,1124
685,607,1292
431,475,906
795,426,1221
784,691,1475
933,737,1670
954,583,1537
463,836,1299
866,549,1415
186,990,1176
39,318,357
836,328,1164
525,723,1248
495,509,1004
582,615,1197
554,371,925
417,317,734
302,945,1247
663,588,1251
506,473,979
239,318,557
562,569,1131
479,149,628
324,97,421
291,883,1174
357,882,1239
874,283,1157
34,617,651
33,768,801
30,434,464
42,314,356
637,800,1437
392,559,951
224,13,237
973,929,1902
863,842,1705
675,550,1225
447,892,1339
180,910,1090
544,55,599
712,162,874
129,945,1074
289,980,1269
281,391,672
993,612,1605
969,378,1347
328,260,588
817,915,1732
817,158,975
557,297,854
256,779,1035
511,680,1191
259,525,784
975,867,1842
489,138,627
321,503,824
294,995,1289
260,683,943
805,821,1626
826,889,1715
338,221,559
836,789,1625
263,511,774
853,240,1093
986,145,1131
841,119,960
795,664,1459
716,218,934
269,150,419
513,69,582
534,477,1011
307,700,1007
220,706,926
749,527,1276
972,806,1778
163,774,937
729,512,1241
778,398,1176
331,363,694
830,800,1630
431,296,727
625,563,1188
343,321,664
592,185,777
347,603,950
262,14,276
665,444,1109
281,996,1277
112,509,621
892,226,1118
44,520,564
894,158,1052
812,367,1179
430,593,1023
718,949,1667
335,373,708
549,384,933
107,158,265
637,384,1021
174,0,174
994,199,1193
526,663,1189
144,951,1095
518,794,1312
162,265,427
903,566,1469
839,372,1211
699,803,1502
352,717,1069
327,697,1024
766,80,846
967,803,1770
66,73,139
122,423,545
14,511,525
282,988,1270
91,635,726
832,683,1515
940,20,960
165,701,866
111,409,520
171,251,422
500,735,1235
499,399,898
776,789,1565
2,889,891
937,827,1764
283,637,920
445,715,1160
628,62,690
929,463,1392
197,414,611
71,581,652
36,148,184
856,267,1123
341,302,643
928,238,1166
220,687,907
105,985,1090
972,634,1606
817,534,1351
148,441,589
398,659,1057
623,367,990
151,667,818
752,477,1229
721,319,1040
646,37,683
747,949,1696
208,434,642
783,506,1289
22,905,927
619,388,1007
490,498,988
947,552,1499
316,622,938
561,698,1259
389,746,1135
578,385,963
165,408,573
700,206,906
724,123,847
118,717,835
403,799,1202
131,490,621
690,792,1482
475,641,1116
951,219,1170
89,829,918
652,584,1236
601,359,960
227,989,1216
436,977,1413
361,979,1340
508,789,1297
781,36,817
438,581,1019
934,676,1610
811,656,1467
415,965,1380
204,768,972
987,457,1444
703,896,1599
64,813,877
641,724,1365
172,52,224
408,558,966
439,549,988
922,346,1268
251,762,1013
744,636,1380
811,810,1621
161,333,494
297,598,895
660,869,1529
996,926,1922
194,819,1013
89,472,561
52,609,661
69,471,540
454,944,1398
386,975,1361
607,862,1469
318,257,575
52,416,468
495,762,1257
113,24,137
376,668,1044
52,821,873
788,350,1138
526,123,649
701,380,1081
201,448,649
138,979,1117
155,228,383
501,940,1441
551,633,1184
335,871,1206
698,722,1420
183,413,596
885,812,1697
482,738,1220
548,324,872
405,62,467
33,78,111
370,79,449
828,959,1787
68,450,518
916,499,1415
673,645,1318
459,520,979
420,695,1115
7,956,963
633,269,902
912,410,1322
571,374,945
5,374,379
875,41,916
471,802,1273
944,802,1746
472,944,1416
447,996,1443
912,282,1194
855,458,1313
244,392,636
39,446,485
815,435,1250
844,155,999
334,433,767
520,285,805
944,49,993
210,818,1028
712,375,1087
225,630,855
141,964,1105
819,442,1261
502,862,1364
593,404,997
896,822,1718
120,610,730
958,386,1344
519,124,643
812,970,1782
211,652,863
502,833,1335
465,931,1396
383,138,521
956,860,1816
996,562,1558
584,533,1117
438,756,1194
232,704,936
435,407,842
131,683,814
159,815,974
339,29,368
981,64,1045
246,330,576
536,542,1078
303,71,374
635,606,1241
816,627,1443
157,538,695
616,462,1078
892,374,1266
464,167,631
718,812,1530
609,439,1048
238,825,1063
930,202,1132
854,512,1366
373,871,1244
855,598,1453
69,10,79
508,469,977
75,214,289
630,276,906
482,210,692
2,292,294
478,644,1122
970,719,1689
379,196,575
688,61,749
726,1,727
209,798,1007
17,969,986
385,861,1246
902,12,914
89,741,830
240,398,638
644,187,831
322,809,1131
303,885,1188
627,275,902
574,11,585
397,163,560
887,576,1463
274,526,800
377,543,920
784,382,1166
637,324,961
415,709,1124
468,996,1464
910,391,1301
461,274,735
468,759,1227
556,717,1273
964,687,1651
64,772,836
941,579,1520
300,812,1112
144,10,154
708,840,1548
169,341,510
911,813,1724
208,671,879
838,419,1257
364,48,412
194,62,256
719,15,734
407,495,902
476,404,880
112,268,380
229,610,839
935,399,1334
2,572,574
368,751,1119
307,493,800
733,774,1507
849,523,1372
5,242,247
807,355,1162
109,418,527
159,131,290
348,240,588
753,97,850
889,974,1863
352,127,479
371,642,1013
492,242,734
27,949,976
558,678,1236
402,230,632
417,910,1327
136,201,337
382,840,1222
579,543,1122
8,637,645
351,188,539
818,430,1248
355,203,558
426,508,934
519,161,680
136,34,170
424,91,515
5,64,69
700,15,715
712,849,1561
228,483,711
511,455,966
667,797,1464
326,861,1187
116,770,886
908,617,1525
403,533,936
240,579,819
872,203,1075
237,505,742
653,552,1205
824,862,1686
598,409,1007
183,200,383
907,584,1491
391,970,1361
990,997,1987
884,346,1230
442,531,973
12,399,411
36,14,50
262,76,338
589,414,1003
670,687,1357
57,190,247
615,689,1304
951,310,1261
100,919,1019
920,991,1911
528,339,867
394,824,1218
53,667,720
304,823,1127
181,15,196
477,918,1395
217,660,877
93,833,926
551,232,783
176,801,977
349,736,1085
805,67,872
122,375,497
147,671,818
718,780,1498
959,766,1725
780,746,1526
303,611,914
655,452,1107
885,987,1872
330,660,990
188,754,942
208,645,853
116,692,808
74,531,605
7,309,316
100,718,818
201,389,590
53,739,792
780,64,844
742,704,1446
79,971,1050
608,410,1018
159,726,885
562,104,666
873,495,1368
29,354,383
503,480,983
666,311,977
996,327,1323
921,740,1661
692,487,1179
187,535,722
557,958,1515
697,684,1381
288,397,685
714,63,777
963,334,1297
157,984,1141
456,877,1333
393,962,1355
939,314,1253
349,354,703
158,104,262
222,266,488
926,318,1244
992,784,1776
923,172,1095
842,681,1523
292,382,674
900,958,1858
363,356,719
742,895,1637
926,273,1199
336,542,878
948,485,1433
38,16,54
134,72,206
50,994,1044
687,964,1651
473,227,700
931,9,940
875,260,1135
921,781,1702
226,469,695
135,831,966
453,171,624
335,862,1197
318,921,1239
562,460,1022
795,838,1633
746,813,1559
555,657,1212
367,70,437
601,895,1496
621,783,1404
953,754,1707
264,217,481
346,389,735
659,654,1313
56,683,739
606,617,1223
17,549,566
446,655,1101
908,333,1241
900,95,995
375,567,942
764,32,796
850,700,1550
622,158,780
929,737,1666
239,172,411
478,167,645
912,347,1259
948,148,1096
882,53,935
65,738,803
244,69,313
982,603,1585
97,829,926
912,437,1349
80,370,450
230,104,334
665,210,875
617,3,620
970,15,985
472,431,903
840,773,1613
869,529,1398
3,871,874
88,717,805
776,110,886
697,922,1619
211,960,1171
106,627,733
280,263,543
310,906,1216
87,207,294
14,174,188
82,761,843
422,435,857
86,976,1062
991,664,1655
378,622,1000
502,887,1389
942,147,1089
884,978,1862
298,155,453
795,602,1397
11,51,62
828,416,1244
947,115,1062
683,127,810
322,494,816
271,291,562
691,123,814
4,377,381
299,170,469
498,347,845
84,623,707
830,689,1519
293,849,1142
482,666,1148
926,553,1479
714,721,1435
884,144,1028
37,249,286
104,252,356
174,47,221
919,874,1793
802,556,1358
809,667,1476
566,195,761
579,733,1312
386,430,816
53,202,255
531,932,1463
822,359,1181
444,912,1356
12,603,615
803,519,1322
999,757,1756
323,744,1067
772,642,1414
547,204,751
375,764,1139
136,967,1103
810,694,1504
336,809,1145
581,418,999
340,814,1154
675,920,1595
450,543,993
747,935,1682
379,979,1358
90,24,114
145,610,755
26,472,498
704,729,1433
314,21,335
617,303,920
417,430,847
647,389,1036
530,797,1327
115,144,259
292,14,306
643,621,1264
567,383,950
107,357,464
672,646,1318
446,604,1050
361,796,1157
594,365,959
280,593,873
850,588,1438
85,600,685
107,340,447
702,529,1231
24,930,954
996,186,1182
582,315,897
342,345,687
447,853,1300
163,273,436
563,316,879
606,455,1061
61,570,631
243,797,1040
252,788,1040
961,657,1618
900,433,1333
27,636,663
353,77,430
570,962,1532
837,133,970
595,117,712
637,968,1605
851,170,1021
923,531,1454
149,490,639
545,835,1380
932,634,1566
487,681,1168
524,31,555
159,778,937
343,16,359
94,486,580
519,256,775
779,162,941
667,87,754
803,227,1030
942,618,1560
3,452,455
585,761,1346
523,209,732
753,422,1175
672,600,1272
367,545,912
759,294,1053
432,771,1203
775,572,1347
163,791,954
689,232,921
939,750,1689
405,20,425
135,881,1016
374,22,396
527,562,1089
873,852,1725
605,91,696
832,988,1820
172,263,435
580,104,684
528,608,1136
48,881,929
148,416,564
399,734,1133
600,55,655
966,293,1259
171,184,355
939,193,1132
385,809,1194
786,992,1778
287,920,1207
690,950,1640
987,46,1033
889,882,1771
430,395,825
127,85,212
794,862,1656
386,740,1126
296,616,912
10,391,401
403,19,422
315,490,805
936,549,1485
187,435,622
215,234,449
694,515,1209
0,707,707
600,746,1346
199,660,859
707,291,998
721,773,1494
199,198,397
995,83,1078
56,651,707
479,839,1318
998,295,1293
600,994,1594
518,394,912
951,139,1090
604,646,1250
162,97,259
226,221,447
204,785,989
776,35,811
829,678,1507
700,985,1685
283,217,500
770,759,1529
496,978,1474
932,471,1403
307,820,1127
941,898,1839
127,784,911
991,423,1414
345,173,518
706,453,1159
518,495,1013
808,926,1734
517,989,1506
765,843,1608
519,632,1151
8,413,421
348,465,813
383,579,962
313,156,469
224,46,270
476,992,1468
928,443,1371
36,73,109
306,749,1055
621,267,888
521,717,1238
928,626,1554
796,305,1101
512,459,971
868,229,1097
654,954,1608
29,463,492
201,121,322
423,115,538
455,748,1203
143,519,662
936,230,1166
666,608,1274
897,661,1558
452,460,912
64,371,435
73,358,431
530,743,1273
5,922,927
858,308,1166
596,709,1305
879,775,1654
766,577,1343
138,824,962
258,742,1000
522,867,1389
448,160,608
71,24,95
691,320,1011
636,946,1582
862,922,1784
120,263,383
658,748,1406
271,128,399
998,219,1217
172,354,526
291,496,787
767,163,930
401,946,1347
21,107,128
280,910,1190
421,936,1357
272,207,479
98,511,609
289,511,800
603,678,1281
276,390,666
344,225,569
266,783,1049
286,823,1109
535,629,1164
32,239,271
42,393,435
404,186,590
531,184,715
738,915,1653
831,470,1301
849,267,1116
418,683,1101
260,344,604
396,651,1047
733,303,1036
907,368,1275
15,415,430
530,8,538
872,456,1328
38,619,657
131,317,448
422,137,559
314,764,1078
781,586,1367
719,131,850
132,456,588
639,432,1071
459,542,1001
818,42,860
567,471,1038
804,456,1260
188,942,1130
192,193,385
535,641,1176
46,718,764
998,333,1331
755,372,1127
576,178,754
602,903,1505
806,828,1634
742,233,975
641,766,1407
606,941,1547
408,972,1380
981,530,1511
552,529,1081
225,869,1094
869,549,1418
152,14,166
261,984,1245
571,967,1538
317,492,809
702,501,1203
752,811,1563
524,396,920
757,449,1206
505,502,1007
953,918,1871
834,991,1825
376,233,609
345,617,962
270,441,711
448,600,1048
760,379,1139
696,776,1472
376,843,1219
90,846,936
676,829,1505
586,541,1127
836,711,1547
437,732,1169
892,489,1381
870,119,989
928,827,1755
256,88,344
989,922,1911
55,115,170
644,412,1056
266,429,695
477,129,606
890,493,1383
957,400,1357
141,575,716
911,843,1754
670,934,1604
870,753,1623
424,848,1272
432,236,668
162,451,613
671,65,736
451,27,478
533,300,833
399,652,1051
102,730,832
651,921,1572
960,265,1225
201,137,338
889,423,1312
929,829,1758
648,980,1628
141,983,1124
282,142,424
78,67,145
350,941,1291
737,278,1015
93,300,393
527,243,770
180,716,896
855,238,1093
281,2,283
717,879,1596
755,642,1397
483,510,993
171,32,203
579,160,739
623,77,700
762,721,1483
909,443,1352
763,396,1159
255,886,1141
274,324,598
967,949,1916
81,142,223
238,133,371
709,137,846
707,499,1206
466,125,591
427,111,538
18,532,550
403,395,798
787,341,1128
206,490,696
265,509,774
4,457,461
870,671,1541
601,669,1270
619,805,1424
601,268,869
808,407,1215
78,109,187
895,534,1429
84,57,141
740,13,753
851,745,1596
226,97,323
119,630,749
968,906,1874
51,324,375
148,266,414
190,396,586
334,664,998
294,613,907
588,803,1391
69,448,517
963,412,1375
712,277,989
244,54,298
815,757,1572
298,558,856
827,747,1574
971,889,1860
224,389,613
631,982,1613
909,806,1715
672,502,1174
703,908,1611
85,693,778
794,52,846
536,500,1036
546,454,1000
244,488,732
394,413,807
358,778,1136
530,641,1171
987,161,1148
921,914,1835
345,57,402
485,864,1349
361,263,624
90,76,166
700,126,826
93,536,629
287,657,944
220,512,732
28,371,399
189,305,494
597,733,1330
787,441,1228
706,831,1537
503,212,715
61,498,559
864,814,1678
929,312,1241
774,662,1436
468,468,936
541,914,1455
283,962,1245
705,987,1692
687,134,821
501,335,836
257,535,792
241,164,405
316,116,432
606,652,1258
392,119,511
278,836,1114
551,492,1043
787,550,1337
247,810,1057
432,965,1397
614,627,1241
359,47,406
549,81,630
329,564,893
938,821,1759
677,211,888
423,134,557
563,127,690
783,403,1186
392,622,1014
311,492,803
217,587,804
318,752,1070
595,434,1029
236,741,977
398,386,784
792,15,807
766,684,1450
269,95,364
809,920,1729
303,485,788
471,192,663
507,809,1316
759,558,1317
65,118,183
681,596,1277
916,590,1506
897,912,1809
283,905,1188
760,623,1383
988,626,1614
373,430,803
526,683,1209
790,817,1607
260,341,601
592,857,1449
127,969,1096
587,545,1132
175,536,711
824,84,908
519,920,1439
901,518,1419
834,286,1120
566,739,1305
753,485,1238
430,262,692
597,597,1194
875,857,1732
549,612,1161
884,863,1747
298,120,418
660,308,968
542,545,1087
592,236,828
863,574,1437
845,37,882
51,300,351
76,118,194
365,200,565
34,919,953
99,847,946
624,707,1331
16,307,323
242,559,801
978,326,1304
507,51,558
765,415,1180
718,188,906
414,980,1394
154,945,1099
722,469,1191
305,377,682
36,263,299
565,188,753
588,757,1345
901,84,985
182,562,744
195,44,239
154,595,749
50,648,698
69,264,333
356,819,1175
507,477,984
286,235,521
595,36,631
716,235,951
454,561,1015
646,968,1614
80,187,267
524,209,733
55,913,968
594,673,1267
648,105,753
596,772,1368
651,50,701
948,883,1831
178,641,819
94,289,383
992,731,1723
723,669,1392
45,34,79
288,476,764
499,646,1145
137,558,695
153,194,347
169,512,681
981,557,1538
983,67,1050
479,334,813
45,284,329
997,288,1285
609,25,634
525,630,1155
841,120,961
387,360,747
102,474,576
794,983,1777
841,532,1373
545,547,1092
9,174,183
839,256,1095
146,401,547
274,825,1099
631,753,1384
136,689,825
116,719,835
940,72,1012
574,960,1534
538,362,900
797,942,1739
839,292,1131
997,359,1356
993,263,1256
47,203,250
850,377,1227
124,97,221
225,200,425
421,461,882
80,842,922
156,528,684
114,315,429
208,937,1145
15,311,326
30,57,87
790,683,1473
936,359,1295
31,633,664
539,584,1123
750,706,1456
832,86,918
756,340,1096
420,402,822
132,131,263
294,726,1020
529,60,589
15,655,670
877,387,1264
914,42,956
187,439,626
936,25,961
966,172,1138
641,4,645
970,895,1865
295,948,1243
169,455,624
326,367,693
797,558,1355
84,899,983
20,494,514
537,19,556
581,400,981
995,184,1179
154,752,906
94,14,108
867,295,1162
551,350,901
818,875,1693
369,846,1215
819,137,956
410,828,1238
992,3,995
976,917,1893
48,800,848
117,753,870
880,613,1493
877,548,1425
937,407,1344
460,568,1028
104,366,470
908,939,1847
673,583,1256
640,688,1328
62,125,187
758,942,1700
806,269,1075
732,706,1438
756,352,1108
386,336,722
430,166,596
970,219,1189
343,687,1030
978,818,1796
760,321,1081
710,853,1563
612,665,1277
466,808,1274
479,147,626
859,670,1529
229,50,279
354,434,788
655,724,1379
347,842,1189
477,237,714
862,272,1134
406,604,1010
847,579,1426
610,634,1244
481,471,952
131,117,248
357,469,826
932,773,1705
268,850,1118
840,761,1601
402,837,1239
518,338,856
688,633,1321
764,589,1353
369,551,920
322,993,1315
174,155,329
434,71,505
175,122,297
243,943,1186
969,941,1910
353,486,839
844,536,1380
694,909,1603
395,384,779
516,503,1019
752,505,1257
328,732,1060
119,846,965
468,816,1284
536,833,1369
174,484,658
699,81,780
806,119,925
957,593,1550
950,422,1372
88,349,437
476,997,1473
447,667,1114
646,483,1129
649,493,1142
343,705,1048
605,277,882
268,145,413
980,844,1824
744,795,1539
378,458,836
286,22,308
484,633,1117
438,646,1084
939,481,1420
699,570,1269
748,580,1328
928,379,1307
365,567,932
22,497,519
903,220,1123
716,286,1002
417,263,680
216,709,925
366,57,423
808,794,1602
717,205,922
363,252,615
465,558,1023
66,67,133
885,46,931
837,434,1271
783,363,1146
977,364,1341
971,747,1718
124,585,709
671,363,1034
651,685,1336
668,292,960
700,435,1135
108,248,356
695,270,965
455,417,872
478,449,927
287,557,844
212,764,976
718,740,1458
659,652,1311
421,432,853
460,437,897
436,890,1326
19,848,867
429,37,466
428,216,644
35,263,298
599,978,1577
148,667,815
979,104,1083
363,750,1113
752,489,1241
552,606,1158
753,508,1261
77,923,1000
149,395,544
947,850,1797
765,463,1228
710,300,1010
566,127,693
322,325,647
252,764,1016
403,610,1013
883,969,1852
662,394,1056
481,883,1364
634,432,1066
595,793,1388
114,984,1098
652,541,1193
741,477,1218
902,435,1337
600,263,863
61,698,759
776,284,1060
735,57,792
956,765,1721
212,583,795
643,568,1211
374,23,397
386,535,921
952,593,1545
215,615,830
305,524,829
579,136,715
586,936,1522
726,294,1020
858,273,1131
46,737,783
678,542,1220
435,113,548
764,611,1375
836,792,1628
823,843,1666
885,531,1416
327,153,480
667,742,1409
770,375,1145
858,192,1050
824,711,1535
426,96,522
341,409,750
69,682,751
156,791,947
79,598,677
899,377,1276
439,355,794
831,513,1344
195,786,981
852,803,1655
140,213,353
69,326,395
741,366,1107
41,396,437
529,743,1272
744,832,1576
397,30,427
399,405,804
145,937,1082
407,63,470
785,333,1118
738,840,1578
256,500,756
561,762,1323
452,435,887
137,731,868
760,199,959
126,677,803
665,382,1047
811,225,1036
902,406,1308
763,155,918
175,558,733
422,214,636
296,138,434
828,772,1600
186,11,197
299,348,647
158,283,441
720,757,1477
908,667,1575
69,133,202
751,345,1096
67,509,576
299,454,753
281,888,1169
251,646,897
129,23,152
901,80,981
59,457,516
482,93,575
113,250,363
329,780,1109
515,399,914
754,704,1458
807,958,1765
718,757,1475
574,40,614
520,3,523
247,625,872
273,295,568
249,726,975
886,298,1184
892,893,1785
707,735,1442
244,950,1194
358,379,737
196,363,559
564,1,565
107,5,112
79,153,232
339,26,365
304,950,1254
465,519,984
163,748,911
817,688,1505
913,52,965
969,105,1074
855,524,1379
832,989,1821
774,414,1188
719,252,971
162,554,716
677,621,1298
600,804,1404
45,104,149
441,87,528
28,45,73
110,665,775
110,455,565
578,586,1164
4,776,780
418,846,1264
134,952,1086
796,641,1437
949,215,1164
853,579,1432
592,431,1023
557,46,603
489,503,992
588,273,861
320,401,721
848,606,1454
196,543,739
712,802,1514
11,553,564
889,311,1200
745,568,1313
116,229,345
888,425,1313
138,999,1137
612,682,1294
677,859,1536
269,558,827
745,101,846
886,669,1555
701,50,751
672,414,1086
475,215,690
103,854,957
645,922,1567
253,127,380
285,832,1117
893,887,1780
849,303,1152
614,589,1203
738,291,1029
169,690,859
725,992,1717
980,617,1597
199,973,1172
183,348,531
915,764,1679
373,46,419
725,687,1412
611,86,697
287,403,690
40,507,547
736,949,1685
25,125,150
651,677,1328
461,391,852
7,516,523
827,28,855
471,634,1105
309,117,426
752,835,1587
575,233,808
232,957,1189
202,675,877
94,574,668
936,284,1220
78,307,385
718,643,1361
717,66,783
884,40,924
575,275,850
660,126,786
107,187,294
657,71,728
955,484,1439
209,534,743
835,980,1815
296,55,351
109,47,156
644,831,1475
573,979,1552
50,650,700
316,46,362
686,810,1496
960,271,1231
641,855,1496
892,64,956
270,142,412
662,728,1390
679,192,871
300,766,1066
960,240,1200
857,873,1730
180,205,385
902,509,1411
541,807,1348
659,75,734
887,885,1772
174,30,204
532,995,1527
674,877,1551
696,398,1094
148,29,177
616,793,1409
195,459,654
933,754,1687
274,695,969
896,500,1396
543,398,941
988,712,1700
376,227,603
813,495,1308
42,905,947
271,975,1246
596,87,683
683,996,1679
533,798,1331
324,449,773
833,604,1437
106,572,678
384,348,732
146,131,277
225,546,771
795,152,947
455,755,1210
301,346,647
707,868,1575
137,480,617
839,230,1069
123,749,872
337,382,719
439,570,1009
627,48,675
324,862,1186
605,134,739
861,86,947
165,290,455
128,390,518
334,921,1255
890,637,1527
277,972,1249
74,576,650
456,247,703
982,988,1970
517,710,1227
504,362,866
500,338,838
808,112,920
281,706,987
300,188,488
172,856,1028
332,84,416
867,904,1771
556,939,1495
931,12,943
87,344,431
933,756,1689
10,205,215
883,535,1418
847,608,1455
870,758,1628
689,677,1366
207,574,781
80,733,813
649,831,1480
175,530,705
250,295,545
697,841,1538
404,554,958
957,222,1179
801,579,1380
357,228,585
162,517,679
559,959,1518
592,536,1128
202,506,708
210,982,1192
17,746,763
6,471,477
616,523,1139
313,871,1184
81,301,382
546,3,549
189,171,360
489,418,907
742,234,976
763,413,1176
989,691,1680
336,996,1332
944,375,1319
217,243,460
504,270,774
609,828,1437
366,404,770
423,570,993
324,711,1035
995,566,1561
953,907,1860
995,790,1785
586,224,810
487,974,1461
618,44,662
818,920,1738
157,935,1092
58,361,419
394,642,1036
953,346,1299
36,598,634
601,12,613
603,124,727
337,729,1066
375,510,885
847,570,1417
121,406,527
954,125,1079
132,468,600
487,751,1238
606,369,975
402,734,1136
207,828,1035
747,50,797
382,615,997
620,301,921
889,693,1582
37,863,900
561,760,1321
657,499,1156
640,837,1477
360,350,710
652,548,1200
198,848,1046
591,399,990
484,846,1330
616,947,1563
47,648,695
659,505,1164
368,677,1045
610,771,1381
49,157,206
663,502,1165
725,396,1121
51,853,904
570,776,1346
660,61,721
310,251,561
551,119,670
112,771,883
201,753,954
634,849,1483
161,305,466
87,374,461
84,521,605
664,236,900
544,93,637
909,393,1302
781,988,1769
484,912,1396
534,394,928
533,446,979
384,881,1265
330,693,1023
180,151,331
607,738,1345
861,748,1609
235,275,510
965,391,1356
295,833,1128
777,985,1762
639,428,1067
187,909,1096
310,895,1205
85,63,148
478,862,1340
704,389,1093
589,895,1484
856,359,1215
820,285,1105
192,505,697
758,486,1244
457,258,715
212,861,1073
600,761,1361
454,329,783
0,888,888
970,891,1861
689,818,1507
503,568,1071
166,3,169
591,267,858
941,571,1512
662,196,858
268,583,851
855,643,1498
938,767,1705
916,173,1089
603,467,1070
864,664,1528
920,633,1553
74,444,518
547,668,1215
327,264,591
491,836,1327
478,868,1346
601,573,1174
463,349,812
608,940,1548
124,281,405
428,907,1335
17,667,684
261,368,629
526,912,1438
246,991,1237
572,432,1004
343,577,920
645,151,796
774,54,828
818,270,1088
364,5,369
474,935,1409
569,58,627
179,881,1060
802,815,1617
228,109,337
991,65,1056
131,465,596
679,799,1478
152,421,573
140,37,177
340,154,494
268,665,933
884,599,1483
244,990,1234
869,864,1733
644,6,650
947,387,1334
926,719,1645
423,775,1198
57,301,358
394,17,411
753,170,923
600,565,1165
718,267,985
566,156,722
868,593,1461
537,395,932
836,518,1354
637,138,775
420,741,1161
601,834,1435
993,411,1404
195,134,329
4,270,274
911,384,1295
398,559,957
947,889,1836
618,605,1223
935,503,1438
995,556,1551
891,584,1475
870,620,1490
7,801,808
62,542,604
933,730,1663
861,95,956
938,692,1630
842,355,1197
485,103,588
461,25,486
580,991,1571
295,515,810
564,962,1526
101,736,837
636,171,807
245,191,436
179,103,282
442,2,444
161,587,748
986,98,1084
36,60,96
291,975,1266
588,44,632
116,686,802
966,579,1545
363,810,1173
372,659,1031
525,752,1277
979,291,1270
954,876,1830
155,538,693
635,794,1429
522,630,1152
37,857,894
255,408,663
162,229,391
657,652,1309
293,14,307
586,234,820
741,777,1518
59,875,934
989,616,1605
875,545,1420
778,760,1538
351,25,376
513,588,1101
123,151,274
495,711,1206
582,297,879
766,236,1002
193,559,752
499,451,950
119,415,534
393,804,1197
914,252,1166
37,170,207
216,602,818
257,698,955
408,138,546
609,375,984
634,123,757
823,660,1483
927,199,1126
934,764,1698
753,625,1378
84,334,418
639,843,1482
938,761,1699
408,466,874
85,663,748
195,923,1118
465,190,655
568,220,788
394,69,463
739,385,1124
683,892,1575
774,466,1240
4,515,519
101,866,967
216,233,449
143,760,903
672,270,942
754,70,824
649,750,1399
160,389,549
635,910,1545
475,381,856
605,329,934
986,365,1351
821,719,1540
60,435,495
909,360,1269
215,853,1068
390,898,1288
349,5,354
887,26,913
557,370,927
834,326,1160
147,709,856
363,306,669
14,270,284
661,955,1616
477,986,1463
501,822,1323
641,172,813
476,759,1235
875,197,1072
385,774,1159
38,28,66
777,261,1038
601,368,969
919,891,1810
538,552,1090
233,848,1081
469,489,958
946,416,1362
378,993,1371
325,540,865
503,645,1148
913,778,1691
926,136,1062
684,93,777
530,46,576
475,347,822
309,675,984
462,211,673
158,22,180
507,256,763
606,900,1506
951,127,1078
599,786,1385
558,852,1410
295,214,509
177,917,1094
517,51,568
872,129,1001
982,701,1683
540,103,643
142,652,794
220,412,632
138,628,766
423,625,1048
227,806,1033
393,771,1164
478,794,1272
706,572,1278
94,871,965
855,433,1288
972,89,1061
518,898,1416
589,922,1511
694,375,1069
768,263,1031
604,63,667
680,519,1199
772,173,945
972,95,1067
203,810,1013
169,977,1146
498,741,1239
532,558,1090
183,517,700
595,805,1400
690,320,1010
273,959,1232
900,572,1472
543,996,1539
633,168,801
864,441,1305
518,287,805
660,263,923
292,562,854
494,361,855
838,753,1591
709,523,1232
47,954,1001
892,25,917
392,688,1080
793,252,1045
32,236,268
320,442,762
221,981,1202
782,283,1065
232,492,724
318,175,493
405,826,1231
883,502,1385
839,305,1144
549,491,1040
748,992,1740
194,32,226
582,594,1176
806,129,935
193,613,806
153,15,168
226,556,782
40,435,475
33,703,736
632,111,743
654,873,1527
97,648,745
549,326,875
971,217,1188
187,719,906
673,575,1248
735,587,1322
626,287,913
3,291,294
991,377,1368
548,341,889
986,463,1449
916,414,1330
650,44,694
898,453,1351
832,917,1749
411,753,1164
240,424,664
492,137,629
243,620,863
667,590,1257
408,605,1013
209,196,405
640,711,1351
555,565,1120
976,570,1546
127,952,1079
508,381,889
572,130,702
960,909,1869
384,482,866
534,969,1503
787,756,1543
167,465,632
408,845,1253
871,379,1250
125,85,210
63,15,78
73,779,852
316,826,1142
611,546,1157
429,529,958
773,149,922
973,278,1251
449,740,1189
471,631,1102
710,726,1436
506,865,1371
956,172,1128
690,108,798
825,778,1603
903,115,1018
8,954,962
725,558,1283
176,780,956
50,204,254
155,330,485
545,279,824
685,908,1593
278,670,948
217,131,348
282,732,1014
382,75,457
192,855,1047
227,4,231
484,852,1336
268,113,381
551,139,690
593,245,838
449,996,1445
942,784,1726
345,260,605
328,660,988
202,991,1193
756,83,839
130,638,768
971,92,1063
457,502,959
45,146,191
537,187,724
521,409,930
702,114,816
728,239,967
931,407,1338
857,728,1585
30,169,199
82,579,661
353,973,1326
915,844,1759
559,210,769
60,603,663
830,799,1629
641,794,1435
113,988,1101
800,862,1662
324,77,401
431,539,970
642,564,1206
382,82,464
871,742,1613
470,909,1379
357,244,601
499,539,1038
41,688,729
445,868,1313
30,183,213
349,511,860
486,670,1156
694,329,1023
252,902,1154
41,418,459
801,365,1166
662,487,1149
863,292,1155
94,350,444
266,379,645
983,153,1136
52,556,608
623,810,1433
359,302,661
277,332,609
879,987,1866
107,734,841
114,530,644
812,553,1365
625,387,1012
361,692,1053
937,335,1272
555,368,923
617,269,886
924,702,1626
867,72,939
330,102,432
301,603,904
643,310,953
234,688,922
262,955,1217
818,929,1747
462,245,707
0,50,50
73,38,111
605,821,1426
673,533,1206
316,768,1084
978,647,1625
496,28,524
311,165,476
867,820,1687
360,665,1025
350,598,948
37,771,808
726,888,1614
142,994,1136
461,224,685
384,717,1101
261,470,731
47,8,55
956,706,1662
132,20,152
883,174,1057
757,321,1078
935,691,1626
6,929,935
856,346,1202
212,189,401
15,319,334
386,636,1022
420,380,800
28,720,748
518,518,1036
640,279,919
638,553,1191
496,947,1443
7,580,587
904,879,1783
317,425,742
964,489,1453
27,938,965
80,648,728
452,309,761
822,576,1398
785,206,991
780,928,1708
331,168,499
790,856,1646
228,805,1033
737,849,1586
789,295,1084
688,459,1147
608,716,1324
180,685,865
267,236,503
469,828,1297
99,643,742
48,846,894
973,784,1757
891,466,1357
594,810,1404
103,543,646
593,10,603
191,15,206
231,777,1008
178,974,1152
114,51,165
223,754,977
893,385,1278
508,258,766
458,467,925
682,286,968
280,452,732
522,817,1339
163,484,647
273,555,828
452,948,1400
940,13,953
256,604,860
117,380,497
554,416,970
987,675,1662
99,621,720
588,557,1145
477,508,985
743,131,874
961,351,1312
6,707,713
654,732,1386
838,226,1064
990,564,1554
926,380,1306
957,509,1466
752,222,974
488,989,1477
309,623,932
673,441,1114
271,182,453
170,804,974
615,638,1253
668,992,1660
642,569,1211
163,922,1085
938,9,947
582,6,588
757,14,771
347,970,1317
288,578,866
440,934,1374
909,203,1112
870,516,1386
48,978,1026
180,573,753
758,485,1243
909,424,1333
976,167,1143
676,976,1652
685,930,1615
611,464,1075
99,504,603
873,541,1414
737,324,1061
407,866,1273
497,154,651
775,145,920
585,465,1050
909,780,1689
534,926,1460
541,722,1263
281,856,1137
169,78,247
535,197,732
114,682,796
822,884,1706
734,989,1723
132,293,425
330,302,632
600,553,1153
128,845,973
599,819,1418
467,878,1345
73,34,107
499,277,776
940,237,1177
407,506,913
171,556,727
646,372,1018
449,650,1099
533,744,1277
804,682,1486
77,550,627
806,783,1589
717,130,847
928,958,1886
439,318,757
303,161,464
473,528,1001
584,844,1428
852,677,1529
202,728,930
829,633,1462
448,814,1262
900,933,1833
371,82,453
906,956,1862
246,668,914
725,997,1722
786,503,1289
3,687,690
345,274,619
881,30,911
490,125,615
484,673,1157
273,853,1126
771,935,1706
291,8,299
79,126,205
342,670,1012
162,999,1161
800,287,1087
16,596,612
148,657,805
242,292,534
639,448,1087
871,800,1671
289,87,376
386,588,974
467,840,1307
667,801,1468
136,401,537
137,422,559
267,796,1063
441,523,964
75,890,965
145,155,300
164,284,448
880,209,1089
582,55,637
789,673,1462
36,22,58
711,480,1191
644,221,865
159,109,268
924,221,1145
656,225,881
493,323,816
455,783,1238
24,181,205
633,432,1065
624,352,976
931,307,1238
94,695,789
931,917,1848
246,233,479
971,437,1408
81,96,177
195,358,553
813,60,873
994,19,1013
101,317,418
148,985,1133
139,794,933
879,582,1461
724,367,1091
32,297,329
223,347,570
913,792,1705
623,782,1405
501,40,541
337,463,800
82,451,533
678,856,1534
590,45,635
66,466,532
634,960,1594
715,461,1176
797,567,1364
614,380,994
392,108,500
858,616,1474
78,856,934
837,832,1669
253,883,1136
588,961,1549
622,44,666
253,787,1040
379,358,737
980,931,1911
774,613,1387
76,482,558
718,150,868
695,550,1245
794,358,1152
385,279,664
77,519,596
905,749,1654
569,70,639
430,239,669
662,886,1548
490,809,1299
155,40,195
840,230,1070
648,284,932
747,423,1170
131,554,685
724,834,1558
487,622,1109
936,682,1618
34,576,610
574,706,1280
166,382,548
131,525,656
547,457,1004
683,631,1314
257,196,453
951,527,1478
554,974,1528
245,221,466
205,568,773
525,889,1414
515,980,1495
411,691,1102
682,76,758
787,439,1226
755,145,900
73,933,1006
843,902,1745
118,591,709
230,640,870
422,696,1118
425,523,948
383,88,471
954,786,1740
586,570,1156
703,34,737
577,996,1573
428,378,806
315,859,1174
40,26,66
793,842,1635
543,296,839
456,412,868
331,747,1078
304,191,495
375,488,863
100,26,126
655,875,1530
455,282,737
905,238,1143
525,527,1052
428,526,954
200,464,664
577,247,824
355,459,814
378,144,522
39,925,964
135,290,425
329,227,556
299,822,1121
733,589,1322
481,248,729
798,3,801
539,580,1119
439,94,533
579,800,1379
232,786,1018
336,347,683
23,993,1016
679,317,996
357,145,502
677,137,814
295,726,1021
440,970,1410
499,533,1032
614,55,669
883,966,1849
105,275,380
742,617,1359
916,203,1119
795,644,1439
963,585,1548
246,29,275
820,434,1254
739,603,1342
172,385,557
335,430,765
512,637,1149
232,151,383
664,716,1380
566,45,611
334,877,1211
125,84,209
988,870,1858
973,931,1904
48,867,915
904,38,942
377,601,978
160,893,1053
392,496,888
598,481,1079
341,648,989
242,636,878
672,280,952
893,341,1234
367,444,811
868,511,1379
850,452,1302
512,291,803
273,716,989
55,871,926
565,492,1057
284,577,861
593,976,1569
136,884,1020
613,194,807
13,866,879
667,572,1239
987,886,1873
145,244,389
917,866,1783
527,287,814
654,545,1199
337,54,391
42,986,1028
512,341,853
302,706,1008
464,43,507
164,175,339
897,705,1602
805,324,1129
222,846,1068
705,410,1115
754,764,1518
863,979,1842
672,109,781
693,26,719
510,754,1264
809,108,917
721,611,1332
158,188,346
663,158,821
960,170,1130
499,759,1258
217,205,422
227,952,1179
541,314,855
88,354,442
608,493,1101
986,956,1942
718,156,874
322,608,930
710,735,1445
917,164,1081
47,796,843
694,380,1074
942,217,1159
53,533,586
306,258,564
687,983,1670
415,949,1364
156,16,172
889,121,1010
920,683,1603
472,377,849
396,202,598
842,407,1249
223,292,515
950,507,1457
209,162,371
739,565,1304
990,115,1105
220,349,569
937,526,1463
838,123,961
96,329,425
566,982,1548
379,514,893
512,83,595
287,795,1082
173,15,188
863,329,1192
641,870,1511
413,610,1023
363,39,402
154,279,433
799,948,1747
849,624,1473
560,990,1550
197,297,494
678,31,709
113,532,645
849,670,1519
12,939,951
514,742,1256
573,773,1346
795,281,1076
224,184,408
687,846,1533
621,180,801
769,671,1440
760,131,891
120,336,456
45,450,495
596,993,1589
463,189,652
957,863,1820
523,142,665
396,118,514
563,627,1190
383,634,1017
594,59,653
27,144,171
783,920,1703
26,463,489
498,25,523
132,664,796
770,915,1685
846,996,1842
320,544,864
36,252,288
399,382,781
747,967,1714
374,670,1044
56,545,601
193,482,675
433,599,1032
984,950,1934
380,101,481
650,779,1429
175,140,315
383,355,738
611,738,1349
829,381,1210
18,122,140
192,483,675
433,979,1412
182,574,756
982,770,1752
178,700,878
55,78,133
765,469,1234
439,990,1429
30,268,298
7,532,539
329,342,671
491,136,627
742,736,1478
51,273,324
681,393,1074
522,28,550
116,958,1074
619,578,1197
952,144,1096
393,172,565
39,510,549
681,870,1551
998,721,1719
143,573,716
472,636,1108
845,593,1438
602,23,625
89,714,803
254,809,1063
879,596,1475
889,498,1387
497,711,1208
709,816,1525
29,175,204
789,874,1663
786,55,841
341,317,658
603,131,734
187,775,962
990,575,1565
979,674,1653
70,457,527
176,171,347
467,233,700
887,1,888
544,976,1520
704,86,790
356,878,1234
315,621,936
924,558,1482
282,23,305
472,972,1444
61,960,1021
464,416,880
842,430,1272
218,343,561
899,470,1369
462,0,462
236,990,1226
770,247,1017
208,385,593
155,262,417
505,185,690
526,926,1452
54,783,837
543,155,698
559,350,909
150,946,1096
861,513,1374
324,65,389
968,584,1552
792,233,1025
328,956,1284
872,49,921
16,559,575
461,13,474
356,910,1266
496,648,1144
318,56,374
939,119,1058
169,671,840
924,575,1499
685,375,1060
165,839,1004
115,298,413
112,347,459
527,944,1471
255,810,1065
278,839,1117
193,96,289
846,426,1272
884,597,1481
995,198,1193
606,906,1512
219,679,898
283,1,284
277,299,576
900,274,1174
362,457,819
149,532,681
663,357,1020
140,951,1091
614,895,1509
918,596,1514
250,397,647
639,247,886
215,952,1167
666,757,1423
51,901,952
282,410,692
416,886,1302
704,681,1385
573,449,1022
599,551,1150
395,122,517
444,453,897
1,963,964
530,239,769
51,690,741
177,564,741
956,897,1853
452,890,1342
40,862,902
848,54,902
550,683,1233
830,482,1312
153,728,881
267,87,354
897,644,1541
814,464,1278
827,444,1271
349,534,883
141,744,885
566,788,1354
875,704,1579
394,994,1388
335,339,674
885,707,1592
809,355,1164
507,507,1014
779,379,1158
30,160,190
139,551,690
810,631,1441
283,626,909
313,20,333
223,651,874
973,899,1872
206,496,702
680,823,1503
657,494,1151
447,696,1143
188,298,486
787,45,832
252,55,307
766,137,903
501,380,881
389,360,749
798,530,1328
260,453,713
669,602,1271
308,893,1201
275,534,809
777,350,1127
586,712,1298
706,376,1082
912,902,1814
230,223,453
947,57,1004
931,212,1143
821,288,1109
393,155,548
248,563,811
190,193,383
657,980,1637
477,636,1113
800,882,1682
471,860,1331
335,466,801
276,746,1022
113,960,1073
715,802,1517
627,512,1139
320,260,580
546,822,1368
704,245,949
528,840,1368
674,17,691
404,971,1375
120,156,276
318,630,948
871,854,1725
558,507,1065
984,433,1417
58,21,79
654,701,1355
544,729,1273
950,264,1214
901,406,1307
11,7,18
573,158,731
993,134,1127
866,828,1694
955,947,1902
210,188,398
290,366,656
530,995,1525
323,242,565
974,443,1417
289,742,1031
396,149,545
603,547,1150
567,579,1146
590,820,1410
109,981,1090
518,554,1072
466,716,1182
907,429,1336
503,13,516
319,54,373
460,340,800
554,562,1116
255,971,1226
306,672,978
729,385,1114
190,69,259
266,693,959
880,742,1622
78,303,381
201,807,1008
623,750,1373
347,270,617
84,58,142
353,55,408
954,434,1388
72,607,679
924,267,1191
836,253,1089
190,851,1041
124,816,940
642,458,1100
672,597,1269
46,347,393
173,895,1068
800,869,1669
592,995,1587
277,950,1227
867,815,1682
371,72,443
308,285,593
413,531,944
61,324,385
57,272,329
344,711,1055
853,412,1265
302,477,779
21,838,859
370,142,512
777,426,1203
479,787,1266
371,253,624
427,166,593
447,800,1247
37,699,736
982,426,1408
343,301,644
520,702,1222
172,591,763
642,704,1346
774,530,1304
932,250,1182
736,514,1250
487,468,955
61,540,601
750,423,1173
445,933,1378
435,475,910
480,740,1220
894,835,1729
586,561,1147
432,401,833
149,147,296
903,27,930
931,128,1059
240,544,784
113,7,120
403,445,848
411,950,1361
988,77,1065
366,549,915
824,747,1571
66,477,543
343,170,513
360,391,751
436,465,901
506,351,857
538,392,930
728,665,1393
924,606,1530
182,471,653
873,58,931
598,379,977
194,938,1132
869,784,1653
741,967,1708
867,467,1334
9,757,766
19,346,365
970,234,1204
596,581,1177
81,25,106
779,954,1733
488,941,1429
865,281,1146
47,655,702
882,339,1221
836,898,1734
893,7,900
8,437,445
634,9,643
788,107,895
18,252,270
841,938,1779
371,512,883
162,596,758
436,864,1300
348,787,1135
105,314,419
156,627,783
797,728,1525
178,601,779
790,192,982
368,447,815
923,978,1901
955,75,1030
976,219,1195
816,564,1380
405,76,481
131,362,493
575,492,1067
528,381,909
43,509,552
249,896,1145
822,48,870
777,336,1113
552,441,993
339,346,685
64,836,900
187,761,948
507,421,928
125,168,293
115,892,1007
448,382,830
52,412,464
524,519,1043
785,919,1704
695,308,1003
740,211,951
173,901,1074
950,339,1289
654,231,885
868,475,1343
906,662,1568
524,863,1387
496,717,1213
80,450,530
932,473,1405
944,670,1614
337,805,1142
760,972,1732
854,686,1540
246,198,444
615,171,786
841,272,1113
124,801,925
487,93,580
392,853,1245
927,160,1087
493,309,802
257,974,1231
936,752,1688
493,306,799
728,674,1402
410,141,551
209,725,934
85,476,561
871,319,1190
462,319,781
178,618,796
39,772,811
660,366,1026
78,364,442
54,257,311
414,867,1281
496,201,697
38,662,700
65,687,752
775,92,867
761,782,1543
317,306,623
952,829,1781
472,716,1188
918,98,1016
631,574,1205
694,984,1678
76,158,234
846,591,1437
673,543,1216
869,962,1831
372,526,898
2,12,14
956,518,1474
498,782,1280
567,858,1425
379,514,893
748,808,1556
412,533,945
334,399,733
335,311,646
3,588,591
130,969,1099
971,752,1723
924,548,1472
282,195,477
708,76,784
359,460,819
280,688,968
144,418,562
366,945,1311
725,834,1559
314,293,607
112,328,440
442,543,985
971,78,1049
803,391,1194
893,644,1537
894,629,1523
510,512,1022
309,975,1284
317,39,356
573,853,1426
68,813,881
779,435,1214
51,599,650
918,253,1171
583,326,909
115,954,1069
625,874,1499
675,233,908
995,489,1484
783,807,1590
378,807,1185
235,50,285
6,324,330
763,655,1418
263,24,287
581,995,1576
401,560,961
405,570,975
710,258,968
607,513,1120
957,823,1780
53,263,316
350,557,907
976,257,1233
177,622,799
58,711,769
106,222,328
383,476,859
822,291,1113
418,853,1271
170,360,530
31,716,747
559,626,1185
282,430,712
397,57,454
980,374,1354
605,5,610
49,725,774
771,459,1230
390,536,926
1,979,980
808,830,1638
700,891,1591
753,960,1713
306,607,913
383,986,1369
75,230,305
567,302,869
683,507,1190
623,737,1360
65,797,862
392,919,1311
14,549,563
988,988,1976
372,185,557
350,653,1003
394,377,771
984,703,1687
828,409,1237
540,847,1387
561,6,567
976,443,1419
812,968,1780
142,185,327
32,177,209
323,933,1256
676,469,1145
625,887,1512
503,771,1274
830,22,852
518,125,643
856,893,1749
582,658,1240
910,220,1130
898,799,1697
563,112,675
906,385,1291
978,29,1007
157,257,414
441,316,757
274,14,288
215,92,307
410,380,790
729,643,1372
0,557,557
127,301,428
923,304,1227
842,751,1593
906,858,1764
448,239,687
44,793,837
273,896,1169
911,943,1854
48,464,512
610,730,1340
759,406,1165
881,641,1522
344,167,511
694,974,1668
743,58,801
492,533,1025
504,365,869
158,34,192
675,51,726
703,672,1375
570,152,722
693,538,1231
203,283,486
684,155,839
60,3,63
109,145,254
478,631,1109
81,328,409
416,866,1282
138,625,763
264,843,1107
637,267,904
808,273,1081
899,100,999
323,767,1090
78,536,614
695,274,969
835,465,1300
482,466,948
667,962,1629
837,509,1346
274,735,1009
460,951,1411
945,365,1310
398,522,920
869,802,1671
903,275,1178
708,766,1474
549,557,1106
645,743,1388
891,265,1156
531,441,972
909,229,1138
629,439,1068
86,175,261
993,477,1470
178,775,953
70,208,278
694,930,1624
198,27,225
968,186,1154
713,571,1284
671,469,1140
420,209,629
550,479,1029
306,488,794
361,634,995
39,357,396
294,360,654
474,725,1199
603,795,1398
511,221,732
625,624,1249
439,938,1377
475,873,1348
224,989,1213
755,145,900
689,1,690
281,331,612
851,13,864
875,479,1354
446,205,651
124,123,247
924,464,1388
621,483,1104
467,742,1209
51,106,157
831,55,886
11,162,173
984,797,1781
753,520,1273
175,925,1100
714,36,750
843,616,1459
514,141,655
400,40,440
324,75,399
55,137,192
960,438,1398
694,693,1387
81,279,360
172,797,969
779,158,937
910,215,1125
837,144,981
365,202,567
127,237,364
631,480,1111
236,207,443
796,722,1518
35,631,666
743,885,1628
709,639,1348
919,754,1673
991,673,1664
929,238,1167
335,798,1133
554,463,1017
661,386,1047
787,785,1572
174,258,432
851,366,1217
154,388,542
422,540,962
397,578,975
111,130,241
99,128,227
227,908,1135
580,811,1391
777,426,1203
300,903,1203
317,576,893
581,432,1013
604,503,1107
195,852,1047
714,1,715
5,209,214
87,862,949
509,78,587
77,411,488
737,523,1260
728,599,1327
134,709,843
803,664,1467
930,42,972
487,343,830
79,649,728
843,219,1062
284,213,497
414,1,415
624,783,1407
122,595,717
645,905,1550
5,266,271
338,909,1247
945,73,1018
835,561,1396
639,964,1603
360,323,683
902,635,1537
191,931,1122
760,309,1069
500,570,1070
648,444,1092
261,188,449
100,517,617
115,21,136
693,937,1630
384,892,1276
703,407,1110
961,432,1393
670,81,751
255,905,1160
972,47,1019
599,546,1145
55,439,494
651,309,960
25,724,749
203,956,1159
16,968,984
740,262,1002
896,289,1185
730,47,777
679,162,841
376,852,1228
200,970,1170
36,288,324
436,834,1270
373,254,627
701,906,1607
466,657,1123
991,609,1600
732,498,1230
330,903,1233
587,681,1268
350,5,355
970,904,1874
519,556,1075
492,109,601
954,129,1083
841,227,1068
344,781,1125
949,927,1876
288,773,1061
127,458,585
414,749,1163
555,895,1450
638,111,749
976,610,1586
380,113,493
243,41,284
426,109,535
117,998,1115
108,542,650
568,430,998
965,272,1237
250,12,262
10,593,603
214,25,239
528,617,1145
190,938,1128
65,333,398
913,333,1246
413,493,906
23,116,139
877,936,1813
789,904,1693
74,484,558
662,655,1317
818,905,1723
107,184,291
590,381,971
698,822,1520
769,147,916
630,208,838
727,539,1266
620,111,731
677,651,1328
562,744,1306
268,564,832
9,207,216
716,491,1207
83,357,440
389,396,785
671,428,1099
689,33,722
981,570,1551
43,617,660
577,759,1336
839,129,968
880,717,1597
470,76,546
665,216,881
94,635,729
910,102,1012
809,917,1726
733,612,1345
865,509,1374
975,204,1179
525,249,774
456,478,934
707,872,1579
156,6,162
800,243,1043
113,480,593
359,558,917
776,703,1479
722,106,828
17,143,160
297,345,642
989,134,1123
410,39,449
666,301,967
622,513,1135
630,794,1424
468,425,893
766,158,924
184,965,1149
613,97,710
879,511,1390
554,47,601
861,638,1499
999,643,1642
649,416,1065
298,319,617
588,417,1005
507,114,621
554,980,1534
470,121,591
190,340,530
975,380,1355
547,365,912
411,986,1397
562,627,1189
280,107,387
217,918,1135
788,874,1662
919,299,1218
212,409,621
151,874,1025
120,749,869
206,564,770
921,372,1293
287,268,555
780,246,1026
491,830,1321
902,754,1656
759,440,1199
707,626,1333
645,384,1029
830,393,1223
260,427,687
93,81,174
247,345,592
908,804,1712
719,392,1111
552,411,963
312,32,344
160,304,464
623,622,1245
886,637,1523
343,20,363
352,198,550
545,156,701
798,209,1007
966,936,1902
304,604,908
136,709,845
502,217,719
889,199,1088
915,886,1801
93,240,333
144,772,916
849,337,1186
608,971,1579
295,964,1259
979,480,1459
283,833,1116
365,296,661
981,362,1343
824,781,1605
802,387,1189
265,172,437
822,982,1804
273,906,1179
775,463,1238
308,309,617
293,618,911
48,846,894
968,817,1785
479,425,904
194,620,814
888,269,1157
137,985,1122
872,537,1409
355,438,793
294,488,782
52,946,998
660,155,815
65,458,523
345,812,1157
58,751,809
82,522,604
587,179,766
929,958,1887
482,740,1222
199,596,795
881,211,1092
389,599,988
841,92,933
264,677,941
53,398,451
594,891,1485
440,859,1299
458,78,536
38,35,73
551,925,1476
570,488,1058
765,320,1085
724,737,1461
675,221,896
518,576,1094
778,473,1251
405,270,675
575,784,1359
189,77,266
318,256,574
616,418,1034
848,317,1165
586,304,890
324,381,705
757,940,1697
412,490,902
339,709,1048
583,581,1164
398,852,1250
567,780,1347
303,901,1204
629,400,1029
200,845,1045
612,456,1068
582,198,780
692,950,1642
273,641,914
312,277,589
648,554,1202
143,645,788
121,958,1079
874,788,1662
232,310,542
840,284,1124
57,414,471
281,837,1118
546,127,673
676,94,770
170,6,176
755,673,1428
574,222,796
831,596,1427
683,203,886
933,113,1046
881,295,1176
295,480,775
669,577,1246
469,693,1162
97,288,385
483,441,924
204,868,1072
839,491,1330
304,525,829
991,507,1498
632,743,1375
948,432,1380
729,731,1460
596,927,1523
645,836,1481
490,270,760
739,567,1306
892,175,1067
992,555,1547
571,275,846
990,753,1743
398,713,1111
416,112,528
569,167,736
644,963,1607
930,208,1138
128,656,784
763,684,1447
368,67,435
958,273,1231
826,328,1154
946,258,1204
434,892,1326
310,485,795
527,159,686
701,728,1429
566,319,885
863,747,1610
22,758,780
460,497,957
98,339,437
354,204,558
574,7,581
103,893,996
949,134,1083
772,234,1006
53,322,375
371,849,1220
287,899,1186
349,389,738
185,728,913
319,634,953
505,753,1258
545,364,909
568,372,940
329,291,620
32,131,163
700,40,740
6,501,507
294,834,1128
264,93,357
397,538,935
947,867,1814
303,542,845
846,797,1643
67,343,410
932,669,1601
601,288,889
667,1,668
254,471,725
656,124,780
543,580,1123
745,11,756
348,850,1198
591,104,695
708,819,1527
842,181,1023
691,125,816
810,666,1476
862,218,1080
812,232,1044
779,272,1051
519,361,880
828,514,1342
700,938,1638
771,29,800
212,233,445
996,955,1951
862,851,1713
39,723,762
699,141,840
846,628,1474
404,147,551
443,223,666
703,604,1307
667,167,834
758,522,1280
601,867,1468
691,773,1464
778,719,1497
351,904,1255
473,763,1236
650,732,1382
558,249,807
660,516,1176
844,754,1598
247,675,922
58,722,780
953,935,1888
630,467,1097
357,90,447
161,184,345
548,248,796
70,838,908
12,615,627
403,734,1137
793,522,1315
170,840,1010
545,623,1168
597,725,1322
510,654,1164
644,216,860
480,475,955
34,167,201
995,722,1717
993,416,1409
556,615,1171
57,430,487
76,130,206
269,748,1017
990,316,1306
214,235,449
422,51,473
810,465,1275
958,938,1896
244,137,381
505,250,755
697,727,1424
214,81,295
104,722,826
90,184,274
830,681,1511
874,72,946
523,74,597
988,949,1937
50,511,561
179,532,711
756,172,928
417,202,619
6,125,131
875,463,1338
625,600,1225
566,345,911
253,106,359
647,337,984
19,868,887
713,322,1035
620,720,1340
115,636,751
311,896,1207
583,107,690
471,618,1089
917,38,955
854,196,1050
410,407,817
903,816,1719
138,597,735
202,460,662
776,701,1477
953,954,1907
402,737,1139
470,986,1456
636,829,1465
870,66,936
570,290,860
239,114,353
284,775,1059
356,728,1084
594,415,1009
960,545,1505
938,953,1891
108,500,608
742,437,1179
947,912,1859
90,498,588
329,984,1313
697,336,1033
454,332,786
181,737,918
475,753,1228
536,341,877
737,136,873
772,605,1377
800,20,820
450,432,882
526,643,1169
612,422,1034
775,684,1459
714,584,1298
490,873,1363
610,3,613
844,540,1384
746,325,1071
359,964,1323
401,418,819
224,933,1157
558,735,1293
961,773,1734
11,207,218
97,717,814
634,806,1440
942,629,1571
802,157,959
673,472,1145
964,988,1952
274,427,701
993,637,1630
937,585,1522
960,587,1547
506,108,614
549,648,1197
290,759,1049
443,327,770
896,866,1762
242,853,1095
508,788,1296
719,456,1175
57,906,963
435,917,1352
80,828,908
141,236,377
149,525,674
221,120,341
1,405,406
887,404,1291
71,992,1063
319,824,1143
781,404,1185
250,397,647
505,309,814
549,179,728
473,122,595
460,942,1402
708,264,972
939,538,1477
959,250,1209
677,81,758
430,259,689
482,456,938
697,220,917
968,599,1567
366,281,647
314,681,995
224,602,826
261,365,626
397,920,1317
605,602,1207
967,2,969
132,317,449
671,453,1124
863,314,1177
42,544,586
414,668,1082
945,637,1582
75,796,871
275,841,1116
421,228,649
345,72,417
604,458,1062
58,684,742
186,584,770
813,442,1255
648,258,906
829,17,846
32,844,876
71,146,217
662,969,1631
3,733,736
153,248,401
256,19,275
555,61,616
27,929,956
315,17,332
249,181,430
465,576,1041
136,916,1052
14,79,93
212,438,650
541,176,717
224,249,473
362,567,929
318,95,413
305,357,662
604,881,1485
710,32,742
928,184,1112
100,650,750
613,662,1275
748,815,1563
402,900,1302
167,875,1042
30,541,571
859,105,964
332,910,1242
805,506,1311
28,122,150
589,520,1109
544,205,749
939,403,1342
948,205,1153
56,390,446
500,503,1003
906,140,1046
355,885,1240
677,548,1225
84,5,89
347,225,572
757,17,774
301,951,1252
38,226,264
895,225,1120
527,315,842
537,350,887
939,151,1090
994,209,1203
591,241,832
423,228,651
148,493,641
103,387,490
106,431,537
414,851,1265
558,318,876
777,451,1228
986,763,1749
633,890,1523
756,854,1610
430,471,901
936,996,1932
894,635,1529
439,123,562
593,606,1199
103,136,239
736,187,923
318,573,891
123,344,467
362,613,975
944,785,1729
182,625,807
387,342,729
291,141,432
561,480,1041
360,85,445
291,559,850
524,47,571
727,664,1391
195,773,968
752,758,1510
348,303,651
926,315,1241
998,328,1326
181,460,641
988,177,1165
208,667,875
744,677,1421
406,166,572
289,857,1146
707,890,1597
785,767,1552
761,648,1409
147,265,412
228,530,758
500,814,1314
287,49,336
285,464,749
352,877,1229
810,476,1286
79,398,477
828,293,1121
581,891,1472
423,439,862
292,635,927
21,966,987
28,517,545
605,552,1157
338,765,1103
209,551,760
678,655,1333
15,849,864
968,815,1783
839,730,1569
843,13,856
455,783,1238
313,288,601
77,959,1036
865,935,1800
683,269,952
692,818,1510
440,610,1050
837,697,1534
942,847,1789
139,969,1108
761,729,1490
180,120,300
654,185,839
330,176,506
919,171,1090
169,940,1109
327,324,651
992,814,1806
992,713,1705
466,855,1321
757,366,1123
545,70,615
180,75,255
458,410,868
31,180,211
362,139,501
208,465,673
615,618,1233
521,646,1167
474,358,832
82,221,303
399,528,927
738,525,1263
67,302,369
236,143,379
779,832,1611
381,922,1303
313,508,821
56,776,832
810,76,886
812,413,1225
342,434,776
446,695,1141
443,205,648
372,185,557
883,473,1356
378,847,1225
169,395,564
908,903,1811
430,795,1225
592,351,943
151,587,738
352,232,584
361,894,1255
74,483,557
623,630,1253
55,449,504
143,901,1044
164,339,503
311,639,950
938,276,1214
572,436,1008
878,41,919
402,245,647
545,392,937
404,315,719
591,421,1012
629,628,1257
651,716,1367
755,576,1331
898,334,1232
94,970,1064
5,416,421
805,500,1305
927,990,1917
965,270,1235
725,623,1348
802,540,1342
882,844,1726
565,81,646
717,144,861
290,274,564
229,658,887
224,482,706
88,397,485
705,424,1129
817,926,1743
20,743,763
880,824,1704
165,622,787
71,637,708
999,971,1970
39,126,165
315,517,832
182,914,1096
520,882,1402
86,411,497
231,339,570
301,171,472
754,496,1250
707,282,989
233,779,1012
468,363,831
748,157,905
48,740,788
124,9,133
896,870,1766
547,215,762
638,345,983
936,111,1047
160,945,1105
319,119,438
180,738,918
785,982,1767
97,36,133
144,412,556
6,597,603
489,112,601
868,277,1145
831,75,906
9,126,135
771,626,1397
987,771,1758
588,986,1574
307,484,791
467,717,1184
908,779,1687
451,630,1081
693,326,1019
65,153,218
806,490,1296
333,741,1074
300,219,519
10,24,34
504,375,879
979,874,1853
484,49,533
126,540,666
196,786,982
686,603,1289
447,922,1369
606,330,936
82,974,1056
866,776,1642
845,725,1570
111,999,1110
590,371,961
499,595,1094
378,791,1169
137,627,764
219,413,632
142,340,482
784,457,1241
219,955,1174
414,711,1125
897,682,1579
584,922,1506
919,361,1280
258,87,345
496,132,628
971,150,1121
216,232,448
764,795,1559
776,291,1067
181,26,207
703,831,1534
483,47,530
883,725,1608
972,803,1775
744,493,1237
359,195,554
493,384,877
709,133,842
432,232,664
377,404,781
815,489,1304
817,713,1530
715,802,1517
440,84,524
300,135,435
888,267,1155
182,900,1082
767,238,1005
503,651,1154
216,385,601
758,264,1022
303,852,1155
707,519,1226
673,668,1341
467,493,960
508,328,836
111,968,1079
197,801,998
276,451,727
956,368,1324
515,67,582
986,148,1134
5,907,912
227,990,1217
150,730,880
955,658,1613
129,40,169
658,38,696
814,676,1490
448,106,554
305,83,388
212,594,806
170,414,584
404,694,1098
370,167,537
401,71,472
669,637,1306
629,718,1347
672,613,1285
829,877,1706
711,131,842
515,581,1096
925,75,1000
943,35,978
884,364,1248
987,360,1347
12,81,93
281,766,1047
244,673,917
81,371,452
13,347,360
896,776,1672
247,11,258
412,424,836
429,35,464
610,765,1375
993,592,1585
377,259,636
396,379,775
56,333,389
328,527,855
421,401,822
678,464,1142
328,259,587
443,557,1000
882,360,1242
581,292,873
784,911,1695
922,395,1317
701,78,779
49,159,208
720,988,1708
309,825,1134
529,815,1344
307,372,679
443,526,969
773,83,856
460,324,784
669,141,810
38,578,616
560,493,1053
791,175,966
439,62,501
199,525,724
747,520,1267
411,702,1113
424,602,1026
78,479,557
677,166,843
113,104,217
176,343,519
207,162,369
263,168,431
439,622,1061
959,802,1761
827,830,1657
131,891,1022
194,750,944
647,323,970
286,182,468
374,124,498
180,360,540
326,528,854
29,126,155
44,974,1018
241,495,736
542,381,923
831,723,1554
291,964,1255
536,631,1167
761,410,1171
637,936,1573
920,8,928
951,196,1147
541,241,782
234,380,614
896,941,1837
361,505,866
709,889,1598
319,620,939
960,464,1424
145,120,265
258,724,982
888,724,1612
149,24,173
379,624,1003
941,101,1042
67,95,162
265,360,625
856,649,1505
567,595,1162
357,585,942
149,74,223
633,399,1032
606,309,915
42,508,550
39,472,511
579,589,1168
295,322,617
416,191,607
784,895,1679
966,106,1072
553,548,1101
876,182,1058
930,976,1906
674,879,1553
605,217,822
685,898,1583
875,370,1245
183,96,279
931,28,959
926,185,1111
553,503,1056
771,444,1215
257,201,458
138,804,942
721,540,1261
631,985,1616
206,869,1075
992,104,1096
122,699,821
217,64,281
508,691,1199
306,31,337
42,177,219
134,813,947
329,312,641
159,478,637
822,772,1594
456,334,790
70,276,346
499,917,1416
340,55,395
942,206,1148
828,619,1447
229,82,311
308,271,579
303,693,996
295,484,779
302,594,896
738,41,779
583,930,1513
655,494,1149
473,323,796
5,860,865
340,149,489
925,165,1090
303,177,480
538,337,875
650,102,752
435,231,666
508,689,1197
343,361,704
162,356,518
421,641,1062
425,105,530
678,18,696
70,782,852
936,684,1620
672,733,1405
852,1,853
836,231,1067
196,225,421
369,445,814
210,103,313
422,467,889
419,81,500
895,168,1063
835,915,1750
653,225,878
233,729,962
132,619,751
74,148,222
25,217,242
749,397,1146
798,426,1224
60,48,108
227,377,604
542,754,1296
395,110,505
320,31,351
910,221,1131
85,612,697
147,728,875
825,599,1424
290,416,706
829,453,1282
746,226,972
76,389,465
513,909,1422
702,271,973
916,548,1464
318,306,624
631,556,1187
411,717,1128
678,660,1338
759,950,1709
395,176,571
172,94,266
809,93,902
59,275,334
869,725,1594
398,636,1034
592,933,1525
524,244,768
891,37,928
555,423,978
37,264,301
580,74,654
481,541,1022
941,97,1038
322,869,1191
713,941,1654
484,947,1431
909,727,1636
599,329,928
748,393,1141
264,553,817
183,411,594
779,407,1186
868,77,945
402,484,886
603,979,1582
983,960,1943
471,272,743
363,695,1058
197,223,420
329,123,452
399,317,716
997,366,1363
407,916,1323
94,404,498
909,313,1222
872,876,1748
129,804,933
301,343,644
218,63,281
783,882,1665
190,346,536
262,464,726
116,358,474
925,871,1796
190,477,667
728,248,976
962,551,1513
596,96,692
459,578,1037
558,902,1460
24,69,93
245,821,1066
734,68,802
899,854,1753
504,791,1295
281,43,324
599,540,1139
728,430,1158
937,372,1309
426,254,680
528,137,665
621,497,1118
963,922,1885
158,873,1031
240,184,424
55,823,878
619,406,1025
917,967,1884
356,55,411
656,136,792
968,641,1609
981,840,1821
599,667,1266
666,877,1543
919,779,1698
264,600,864
994,136,1130
909,111,1020
96,810,906
803,787,1590
282,812,1094
200,407,607
441,256,697
944,248,1192
886,586,1472
412,784,1196
46,463,509
67,610,677
507,733,1240
131,475,606
261,825,1086
243,637,880
404,537,941
498,968,1466
245,133,378
233,603,836
767,463,1230
954,735,1689
830,308,1138
207,862,1069
476,802,1278
644,936,1580
657,923,1580
183,272,455
123,815,938
726,671,1397
683,253,936
863,825,1688
360,489,849
947,457,1404
905,66,971
632,879,1511
280,830,1110
915,147,1062
971,312,1283
380,424,804
672,414,1086
500,107,607
761,388,1149
169,800,969
535,779,1314
196,140,336
95,992,1087
150,931,1081
410,997,1407
458,684,1142
673,622,1295
747,943,1690
840,936,1776
276,567,843
726,695,1421
997,566,1563
798,23,821
29,398,427
877,695,1572
213,274,487
85,227,312
654,897,1551
650,846,1496
815,977,1792
766,537,1303
104,867,971
805,444,1249
808,434,1242
397,741,1138
964,278,1242
680,354,1034
740,90,830
69,676,745
473,57,530
947,133,1080
29,104,133
903,65,968
213,708,921
273,640,913
145,794,939
83,768,851
392,257,649
637,456,1093
190,574,764
518,393,911
885,921,1806
301,12,313
704,856,1560
842,963,1805
95,565,660
717,584,1301
519,6,525
15,12,27
197,282,479
739,12,751
736,39,775
494,653,1147
85,378,463
804,474,1278
916,422,1338
415,201,616
919,94,1013
29,335,364
313,522,835
392,312,704
527,272,799
822,356,1178
382,599,981
851,375,1226
824,84,908
196,919,1115
263,260,523
74,974,1048
118,405,523
451,567,1018
897,990,1887
788,185,973
998,588,1586
144,185,329
458,476,934
306,883,1189
331,194,525
22,128,150
429,492,921
163,701,864
679,767,1446
531,593,1124
862,488,1350
730,205,935
266,159,425
301,469,770
483,376,859
910,742,1652
580,649,1229
532,725,1257
64,390,454
796,378,1174
533,605,1138
390,703,1093
434,498,932
657,311,968
153,554,707
897,926,1823
515,395,910
551,180,731
31,580,611
780,776,1556
389,680,1069
693,744,1437
515,260,775
490,962,1452
782,123,905
7,448,455
113,615,728
476,747,1223
829,771,1600
52,758,810
782,759,1541
773,876,1649
975,115,1090
24,628,652
75,321,396
639,938,1577
896,269,1165
252,959,1211
826,215,1041
62,740,802
795,362,1157
768,351,1119
316,863,1179
617,496,1113
213,461,674
220,113,333
621,547,1168
891,471,1362
178,527,705
353,120,473
579,117,696
125,841,966
306,633,939
736,626,1362
948,956,1904
509,661,1170
278,234,512
776,657,1433
687,17,704
296,526,822
733,915,1648
854,212,1066
43,872,915
66,312,378
920,987,1907
354,16,370
309,249,558
942,629,1571
573,403,976
698,686,1384
78,741,819
521,661,1182
665,69,734
521,744,1265
476,778,1254
894,14,908
133,320,453
760,168,928
652,374,1026
271,300,571
409,881,1290
747,176,923
220,697,917
663,306,969
973,476,1449
34,204,238
87,377,464
724,618,1342
974,544,1518
880,786,1666
25,445,470
827,338,1165
790,360,1150
305,975,1280
26,871,897
360,542,902
892,718,1610
786,396,1182
499,170,669
425,940,1365
759,888,1647
66,603,669
922,997,1919
378,924,1302
615,371,986
456,477,933
589,141,730
196,344,540
314,17,331
830,24,854
156,738,894
812,51,863
445,870,1315
946,721,1667
583,106,689
435,686,1121
978,612,1590
436,899,1335
865,210,1075
539,943,1482
845,556,1401
948,223,1171
740,175,915
463,90,553
702,275,977
731,483,1214
890,797,1687
763,835,1598
908,736,1644
361,612,973
481,241,722
410,654,1064
944,758,1702
244,759,1003
489,396,885
333,414,747
173,665,838
507,269,776
496,121,617
98,807,905
492,755,1247
443,588,1031
870,971,1841
168,290,458
550,961,1511
381,455,836
943,441,1384
941,87,1028
942,856,1798
776,656,1432
441,499,940
490,288,778
256,278,534
342,736,1078
598,554,1152
748,997,1745
880,301,1181
67,357,424
79,711,790
65,79,144
418,394,812
695,562,1257
451,516,967
638,244,882
827,758,1585
57,940,997
896,158,1054
539,787,1326
127,393,520
56,832,888
231,938,1169
558,23,581
236,14,250
634,579,1213
118,694,812
227,411,638
902,7,909
459,981,1440
642,726,1368
306,459,765
674,172,846
562,254,816
275,869,1144
65,683,748
296,575,871
241,543,784
656,179,835
384,337,721
572,748,1320
693,601,1294
776,368,1144
397,645,1042
6,80,86
446,428,874
322,636,958
770,818,1588
704,770,1474
544,109,653
208,201,409
544,214,758
401,180,581
506,318,824
940,441,1381
105,930,1035
111,362,473
999,349,1348
590,541,1131
906,745,1651
992,578,1570
192,425,617
215,565,780
741,906,1647
981,193,1174
633,297,930
712,538,1250
754,792,1546
571,349,920
792,85,877
770,158,928
910,330,1240
949,578,1527
976,50,1026
821,329,1150
403,271,674
963,370,1333
978,268,1246
69,856,925
82,90,172
368,350,718
763,374,1137
239,613,852
544,162,706
139,326,465
299,732,1031
982,800,1782
212,406,618
533,377,910
846,142,988
274,45,319
8,79,87
977,63,1040
680,522,1202
685,512,1197
77,565,642
737,96,833
204,542,746
354,433,787
228,132,360
617,95,712
723,811,1534
269,145,414
645,559,1204
394,79,473
828,362,1190
347,78,425
896,672,1568
189,671,860
330,470,800
741,381,1122
831,674,1505
56,686,742
23,2,25
864,357,1221
94,235,329
535,845,1380
225,12,237
884,707,1591
271,140,411
825,639,1464
346,27,373
613,543,1156
831,927,1758
359,426,785
154,223,377
826,159,985
324,766,1090
344,410,754
120,658,778
313,586,899
971,668,1639
496,651,1147
955,720,1675
2,687,689
344,438,782
8,460,468
256,891,1147
726,89,815
151,228,379
786,499,1285
58,90,148
556,839,1395
779,8,787
619,486,1105
330,575,905
258,380,638
838,793,1631
263,546,809
71,487,558
566,130,696
81,181,262
489,833,1322
216,702,918
43,117,160
762,196,958
427,182,609
59,872,931
618,725,1343
567,412,979
226,290,516
949,565,1514
97,369,466
416,429,845
967,67,1034
918,217,1135
428,355,783
479,603,1082
824,849,1673
592,914,1506
782,428,1210
243,376,619
155,341,496
84,171,255
493,257,750
642,145,787
481,144,625
621,206,827
182,32,214
251,216,467
543,804,1347
543,200,743
475,526,1001
552,106,658
632,569,1201
574,333,907
144,310,454
1,513,514
358,380,738
743,272,1015
242,525,767
706,848,1554
343,219,562
689,271,960
994,937,1931
766,461,1227
531,250,781
864,612,1476
553,768,1321
47,278,325
151,706,857
340,410,750
504,722,1226
708,160,868
535,516,1051
327,509,836
450,965,1415
563,883,1446
401,44,445
668,321,989
326,139,465
240,191,431
661,823,1484
574,810,1384
777,576,1353
486,110,596
999,581,1580
870,214,1084
598,699,1297
630,304,934
205,831,1036
330,394,724
305,160,465
716,424,1140
181,417,598
760,32,792
320,975,1295
958,582,1540
933,539,1472
125,458,583
449,190,639
507,104,611
152,26,178
902,354,1256
514,960,1474
21,537,558
721,652,1373
236,440,676
782,288,1070
4,129,133
709,611,1320
865,811,1676
824,418,1242
653,796,1449
906,927,1833
916,308,1224
586,795,1381
457,85,542
419,563,982
910,196,1106
760,207,967
0,166,166
411,468,879
772,471,1243
576,612,1188
8,82,90
966,399,1365
356,893,1249
380,191,571
896,980,1876
417,399,816
796,41,837
972,615,1587
530,714,1244
896,241,1137
398,317,715
542,427,969
784,716,1500
361,885,1246
419,526,945
581,440,1021
965,511,1476
294,502,796
883,581,1464
760,237,997
333,726,1059
844,527,1371
951,873,1824
322,711,1033
725,415,1140
641,48,689
453,163,616
231,918,1149
148,20,168
832,221,1053
506,64,570
641,926,1567
44,639,683
373,199,572
20,664,684
551,571,1122
178,545,723
883,383,1266
464,18,482
439,430,869
925,954,1879
371,623,994
693,837,1530
458,868,1326
140,365,505
785,164,949
719,718,1437
613,801,1414
837,179,1016
744,295,1039
423,260,683
791,229,1020
802,75,877
876,784,1660
785,87,872
394,507,901
789,143,932
289,934,1223
49,214,263
460,537,997
497,679,1176
100,344,444
164,245,409
632,371,1003
21,720,741
520,733,1253
395,193,588
617,721,1338
443,114,557
167,898,1065
779,628,1407
543,460,1003
479,969,1448
627,591,1218
328,700,1028
478,857,1335
122,14,136
762,640,1402
108,298,406
23,745,768
393,231,624
879,896,1775
53,585,638
511,736,1247
357,945,1302
320,965,1285
125,966,1091
735,538,1273
718,672,1390
361,589,950
399,677,1076
198,678,876
435,232,667
406,425,831
701,861,1562
531,683,1214
209,856,1065
784,904,1688
973,148,1121
982,425,1407
839,153,992
22,531,553
412,540,952
383,970,1353
148,667,815
909,436,1345
148,763,911
951,853,1804
959,740,1699
244,346,590
119,439,558
163,21,184
32,813,845
115,775,890
304,204,508
404,552,956
717,582,1299
865,63,928
455,267,722
451,541,992
740,108,848
2,137,139
810,225,1035
582,925,1507
976,821,1797
248,263,511
112,504,616
475,291,766
5,26,31
600,463,1063
106,578,684
459,131,590
726,936,1662
158,124,282
90,183,273
452,895,1347
359,54,413
496,690,1186
476,518,994
962,445,1407
393,215,608
702,429,1131
394,179,573
788,100,888
84,996,1080
555,413,968
963,256,1219
869,204,1073
53,560,613
248,325,573
216,928,1144
490,965,1455
321,275,596
608,513,1121
714,589,1303
438,317,755
623,294,917
976,856,1832
469,632,1101
559,604,1163
876,715,1591
13,595,608
579,322,901
254,306,560
716,659,1375
571,617,1188
975,190,1165
434,118,552
1,422,423
834,727,1561
757,420,1177
896,826,1722
530,435,965
336,739,1075
729,128,857
582,932,1514
189,63,252
129,143,272
528,457,985
648,677,1325
251,951,1202
94,234,328
224,812,1036
737,356,1093
812,867,1679
251,176,427
985,455,1440
220,845,1065
894,841,1735
894,552,1446
973,702,1675
753,379,1132
155,650,805
494,78,572
411,536,947
906,248,1154
989,730,1719
129,468,597
640,892,1532
676,961,1637
948,760,1708
422,354,776
581,454,1035
98,736,834
802,612,1414
914,61,975
284,205,489
36,526,562
902,411,1313
904,535,1439
176,634,810
955,439,1394
187,377,564
655,885,1540
932,230,1162
230,700,930
423,557,980
21,609,630
152,56,208
792,315,1107
513,519,1032
699,313,1012
102,365,467
376,778,1154
454,52,506
198,814,1012
173,850,1023
667,565,1232
919,383,1302
410,39,449
70,567,637
196,27,223
552,846,1398
487,105,592
940,291,1231
929,684,1613
221,962,1183
507,268,775
127,668,795
906,80,986
755,203,958
474,552,1026
541,244,785
386,221,607
977,704,1681
843,911,1754
603,420,1023
197,436,633
343,761,1104
608,844,1452
214,518,732
131,577,708
848,202,1050
140,389,529
806,797,1603
37,60,97
842,771,1613
825,116,941
727,376,1103
262,514,776
407,959,1366
848,719,1567
356,733,1089
300,172,472
639,688,1327
223,220,443
174,356,530
342,393,735
761,54,815
550,112,662
452,741,1193
112,245,357
141,199,340
990,252,1242
726,710,1436
779,746,1525
419,435,854
498,921,1419
936,581,1517
257,787,1044
443,36,479
412,338,750
521,956,1477
567,768,1335
223,729,952
53,388,441
758,43,801
71,209,280
129,112,241
673,739,1412
284,417,701
759,426,1185
852,685,1537
815,635,1450
412,357,769
860,751,1611
483,946,1429
64,851,915
451,964,1415
664,811,1475
179,719,898
642,238,880
500,919,1419
983,161,1144
707,309,1016
324,684,1008
624,654,1278
104,331,435
435,472,907
441,537,978
940,260,1200
308,279,587
481,825,1306
218,347,565
629,926,1555
503,825,1328
942,973,1915
262,894,1156
835,274,1109
536,189,725
714,563,1277
239,945,1184
714,966,1680
798,635,1433
163,831,994
232,570,802
433,447,880
779,340,1119
393,336,729
947,292,1239
933,527,1460
101,969,1070
617,384,1001
530,141,671
322,146,468
281,761,1042
792,192,984
620,879,1499
697,309,1006
744,549,1293
971,150,1121
717,864,1581
523,212,735
996,33,1029
337,502,839
45,463,508
222,664,886
361,820,1181
491,469,960
333,119,452
749,871,1620
806,112,918
785,916,1701
739,109,848
938,405,1343
185,189,374
261,818,1079
931,560,1491
174,924,1098
697,738,1435
232,699,931
410,571,981
918,829,1747
766,15,781
356,602,958
551,597,1148
539,443,982
141,408,549
411,796,1207
217,485,702
385,24,409
695,427,1122
843,877,1720
899,394,1293
586,967,1553
862,630,1492
803,539,1342
178,250,428
714,674,1388
684,716,1400
263,887,1150
409,327,736
609,683,1292
276,606,882
701,893,1594
345,398,743
411,221,632
860,248,1108
207,244,451
635,815,1450
35,869,904
536,815,1351
640,363,1003
556,858,1414
231,506,737
798,181,979
628,97,725
482,867,1349
770,196,966
388,235,623
363,308,671
955,658,1613
907,453,1360
147,488,635
577,409,986
201,447,648
214,151,365
924,522,1446
668,895,1563
550,883,1433
361,239,600
7,568,575
12,435,447
798,779,1577
28,184,212
245,162,407
984,835,1819
795,770,1565
605,638,1243
595,475,1070
708,262,970
652,487,1139
456,170,626
627,416,1043
392,492,884
209,460,669
43,353,396
616,813,1429
9,472,481
674,124,798
827,724,1551
182,534,716
909,186,1095
906,406,1312
396,727,1123
59,893,952
767,817,1584
736,74,810
898,105,1003
858,345,1203
874,710,1584
344,466,810
216,170,386
423,70,493
335,135,470
387,688,1075
382,461,843
245,869,1114
387,30,417
33,466,499
486,582,1068
59,763,822
211,429,640
274,187,461
362,976,1338
670,596,1266
317,144,461
57,567,624
481,195,676
880,677,1557
119,127,246
793,279,1072
37,869,906
844,445,1289
174,355,529
366,702,1068
86,130,216
642,705,1347
31,772,803
859,770,1629
506,306,812
517,54,571
518,170,688
873,448,1321
158,78,236
814,934,1748
218,15,233
277,724,1001
267,870,1137
133,836,969
340,875,1215
580,517,1097
914,569,1483
548,893,1441
789,925,1714
795,873,1668
438,206,644
969,51,1020
556,63,619
691,67,758
738,685,1423
163,731,894
403,830,1233
513,320,833
11,457,468
759,980,1739
948,915,1863
720,603,1323
898,572,1470
439,160,599
676,937,1613
829,518,1347
701,181,882
735,787,1522
874,544,1418
231,818,1049
32,563,595
644,995,1639
296,96,392
158,938,1096
736,798,1534
651,390,1041
897,703,1600
986,835,1821
568,38,606
103,492,595
842,417,1259
267,181,448
630,255,885
214,843,1057
488,820,1308
832,178,1010
781,832,1613
757,28,785
187,419,606
488,290,778
550,483,1033
735,192,927
813,477,1290
459,778,1237
402,736,1138
567,628,1195
602,881,1483
605,449,1054
275,205,480
635,937,1572
333,141,474
948,826,1774
660,376,1036
606,782,1388
984,159,1143
37,9,46
522,10,532
844,815,1659
246,625,871
183,70,253
961,974,1935
280,761,1041
366,835,1201
788,289,1077
530,61,591
390,718,1108
471,663,1134
536,622,1158
198,201,399
39,996,1035
861,743,1604
839,608,1447
955,547,1502
26,723,749
455,868,1323
250,597,847
632,601,1233
641,7,648
217,228,445
91,948,1039
292,44,336
140,939,1079
573,594,1167
531,904,1435
940,130,1070
537,199,736
634,966,1600
25,31,56
645,865,1510
682,373,1055
480,553,1033
797,408,1205
557,11,568
152,860,1012
914,518,1432
585,62,647
96,848,944
998,75,1073
838,118,956
778,727,1505
878,104,982
433,131,564
846,381,1227
299,340,639
104,959,1063
953,297,1250
196,920,1116
235,198,433
926,235,1161
987,786,1773
608,900,1508
163,206,369
419,331,750
418,759,1177
313,305,618
937,965,1902
925,447,1372
450,170,620
648,778,1426
758,833,1591
364,769,1133
792,100,892
264,828,1092
961,892,1853
429,312,741
177,545,722
400,198,598
11,665,676
415,953,1368
793,694,1487
263,778,1041
653,202,855
403,731,1134
10,406,416
433,171,604
748,553,1301
270,641,911
21,587,608
635,321,956
302,663,965
820,355,1175
47,637,684
169,181,350
156,786,942
547,191,738
429,283,712
942,789,1731
269,887,1156
361,677,1038
38,557,595
248,678,926
928,386,1314
925,139,1064
798,779,1577
312,997,1309
14,330,344
756,995,1751
69,568,637
820,69,889
216,525,741
820,555,1375
499,324,823
968,473,1441
584,945,1529
615,896,1511
99,380,479
165,703,868
915,709,1624
172,384,556
941,310,1251
703,826,1529
971,60,1031
11,42,53
897,901,1798
454,979,1433
489,694,1183
727,966,1693
500,886,1386
677,295,972
158,975,1133
265,829,1094
308,765,1073
683,474,1157
844,191,1035
217,231,448
959,270,1229
387,708,1095
120,546,666
954,312,1266
728,621,1349
312,131,443
370,402,772
20,683,703
555,404,959
265,911,1176
246,840,1086
91,504,595
888,375,1263
607,965,1572
221,379,600
145,737,882
748,683,1431
406,530,936
374,735,1109
173,703,876
977,562,1539
612,664,1276
717,210,927
119,589,708
612,336,948
220,50,270
0,555,555
56,411,467
562,779,1341
965,967,1932
813,269,1082
76,55,131
770,744,1514
657,400,1057
16,448,464
193,798,991
791,599,1390
778,780,1558
789,881,1670
589,863,1452
999,583,1582
19,972,991
885,562,1447
625,291,916
428,576,1004
713,790,1503
861,850,1711
564,218,782
731,671,1402
390,378,768
885,679,1564
620,598,1218
232,668,900
120,772,892
674,562,1236
662,188,850
858,736,1594
764,998,1762
155,386,541
230,164,394
915,139,1054
934,567,1501
129,84,213
763,532,1295
258,237,495
650,749,1399
744,427,1171
174,13,187
931,716,1647
326,407,733
389,368,757
295,353,648
158,562,720
565,926,1491
949,781,1730
232,19,251
556,440,996
217,628,845
368,997,1365
9,553,562
679,10,689
19,717,736
80,562,642
622,531,1153
23,535,558
930,113,1043
491,404,895
286,351,637
459,586,1045
663,103,766
887,718,1605
745,654,1399
688,452,1140
84,899,983
536,316,852
116,291,407
572,985,1557
339,757,1096
372,374,746
170,505,675
454,761,1215
441,622,1063
760,762,1522
365,698,1063
415,574,989
772,847,1619
658,544,1202
927,734,1661
868,793,1661
296,76,372
54,311,365
845,181,1026
254,969,1223
216,714,930
636,567,1203
330,756,1086
22,722,744
5,173,178
216,54,270
338,205,543
138,319,457
492,507,999
0,368,368
41,347,388
976,733,1709
999,631,1630
892,801,1693
133,129,262
82,665,747
124,35,159
86,362,448
767,316,1083
612,361,973
364,439,803
393,830,1223
502,520,1022
370,74,444
697,722,1419
745,802,1547
235,866,1101
386,138,524
720,249,969
841,578,1419
509,927,1436
254,33,287
96,402,498
218,645,863
830,546,1376
476,846,1322
576,853,1429
94,139,233
502,494,996
208,27,235
737,824,1561
477,143,620
25,516,541
763,513,1276
179,277,456
60,228,288
550,268,818
719,555,1274
39,399,438
640,552,1192
950,137,1087
95,861,956
718,347,1065
967,315,1282
768,240,1008
8,761,769
716,480,1196
394,615,1009
235,114,349
25,623,648
555,881,1436
831,11,842
994,695,1689
743,811,1554
988,831,1819
723,915,1638
740,651,1391
825,872,1697
234,844,1078
380,869,1249
565,334,899
878,208,1086
232,370,602
788,728,1516
637,727,1364
309,162,471
850,105,955
307,895,1202
973,678,1651
27,270,297
665,100,765
609,151,760
219,230,449
145,477,622
973,127,1100
774,154,928
840,581,1421
908,187,1095
989,270,1259
389,453,842
269,479,748
992,45,1037
678,476,1154
173,362,535
79,161,240
904,885,1789
502,316,818
78,944,1022
702,204,906
466,278,744
765,441,1206
959,559,1518
978,350,1328
792,199,991
581,872,1453
299,355,654
766,370,1136
19,807,826
446,730,1176
719,231,950
403,435,838
241,506,747
112,192,304
214,951,1165
565,727,1292
245,22,267
160,965,1125
570,874,1444
323,663,986
129,871,1000
839,977,1816
272,187,459
481,95,576
104,142,246
748,556,1304
389,283,672
791,25,816
9,884,893
392,777,1169
771,556,1327
295,340,635
55,164,219
310,881,1191
685,510,1195
815,163,978
879,876,1755
492,704,1196
340,38,378
582,829,1411
515,839,1354
339,244,583
796,477,1273
493,701,1194
324,313,637
555,353,908
282,710,992
153,997,1150
503,169,672
373,245,618
528,953,1481
581,858,1439
576,130,706
364,915,1279
106,932,1038
83,710,793
588,394,982
263,773,1036
134,646,780
899,723,1622
282,915,1197
687,272,959
343,145,488
476,848,1324
41,899,940
226,53,279
775,296,1071
6,350,356
471,159,630
608,732,1340
525,506,1031
948,563,1511
995,309,1304
734,952,1686
823,713,1536
894,558,1452
257,988,1245
517,997,1514
924,437,1361
893,561,1454
792,632,1424
869,323,1192
568,505,1073
404,618,1022
997,623,1620
914,151,1065
972,102,1074
8,857,865
763,589,1352
922,165,1087
887,312,1199
138,903,1041
82,993,1075
47,583,630
739,487,1226
78,841,919
230,227,457
212,624,836
570,897,1467
910,6,916
491,368,859
422,57,479
753,52,805
235,994,1229
566,204,770
247,5,252
343,595,938
602,510,1112
196,252,448
238,945,1183
812,243,1055
369,592,961
803,886,1689
487,126,613
381,342,723
958,854,1812
505,10,515
797,136,933
48,357,405
238,660,898
319,437,756
301,433,734
661,105,766
152,380,532
22,671,693
419,442,861
269,30,299
98,776,874
268,173,441
133,265,398
706,592,1298
242,233,475
835,212,1047
762,174,936
176,888,1064
11,701,712
253,274,527
488,475,963
475,881,1356
899,720,1619
364,777,1141
861,463,1324
345,8,353
651,303,954
27,237,264
684,276,960
615,575,1190
609,18,627
727,247,974
536,381,917
303,513,816
418,128,546
466,726,1192
294,6,300
429,988,1417
148,562,710
113,310,423
643,734,1377
530,916,1446
372,290,662
167,143,310
428,116,544
436,871,1307
238,658,896
881,348,1229
190,406,596
520,546,1066
677,43,720
420,383,803
244,524,768
388,107,495
214,509,723
452,968,1420
906,538,1444
861,750,1611
272,530,802
472,144,616
216,570,786
181,998,1179
199,582,781
4,510,514
981,820,1801
464,335,799
511,746,1257
756,68,824
290,724,1014
214,131,345
154,255,409
853,166,1019
278,457,735
778,836,1614
496,800,1296
257,319,576
206,470,676
920,98,1018
32,889,921
545,443,988
771,254,1025
44,32,76
680,977,1657
151,801,952
763,481,1244
412,855,1267
989,726,1715
752,759,1511
44,777,821
319,79,398
900,281,1181
644,159,803
217,354,571
206,861,1067
652,323,975
199,720,919
715,133,848
745,537,1282
821,71,892
480,930,1410
687,783,1470
819,76,895
31,27,58
37,86,123
821,306,1127
473,694,1167
828,549,1377
440,576,1016
940,54,994
516,426,942
242,391,633
295,683,978
920,667,1587
485,11,496
661,963,1624
683,524,1207
544,701,1245
573,484,1057
412,105,517
227,149,376
738,123,861
204,993,1197
86,605,691
542,522,1064
862,608,1470
142,154,296
207,585,792
971,240,1211
854,934,1788
676,119,795
385,257,642
158,721,879
827,891,1718
363,378,741
704,453,1157
707,817,1524
748,393,1141
428,414,842
611,293,904
280,901,1181
154,889,1043
102,47,149
728,203,931
728,60,788
630,946,1576
129,396,525
476,149,625
402,450,852
386,486,872
420,98,518
718,426,1144
999,417,1416
380,81,461
172,616,788
417,168,585
751,213,964
655,10,665
182,555,737
133,560,693
563,701,1264
143,774,917
918,745,1663
856,874,1730
102,24,126
704,975,1679
424,159,583
262,677,939
538,219,757
769,273,1042
846,431,1277
533,621,1154
27,846,873
184,472,656
295,890,1185
429,814,1243
576,342,918
837,192,1029
146,712,858
895,273,1168
573,759,1332
29,688,717
995,115,1110
191,221,412
936,34,970
454,703,1157
778,740,1518
377,389,766
180,963,1143
488,864,1352
516,810,1326
558,713,1271
117,346,463
136,869,1005
637,169,806
725,558,1283
384,865,1249
696,979,1675
690,322,1012
524,138,662
122,636,758
779,656,1435
578,784,1362
892,944,1836
418,128,546
612,715,1327
654,789,1443
294,479,773
486,25,511
824,219,1043
223,211,434
868,485,1353
336,329,665
63,309,372
664,538,1202
622,919,1541
85,440,525
492,831,1323
804,956,1760
610,333,943
259,118,377
276,649,925
11,583,594
874,47,921
640,381,1021
864,45,909
793,401,1194
458,137,595
845,494,1339
160,291,451
262,648,910
208,504,712
486,191,677
182,212,394
827,891,1718
138,80,218
107,861,968
258,393,651
111,204,315
735,166,901
733,60,793
888,536,1424
145,320,465
846,591,1437
886,782,1668
1,485,486
605,911,1516
49,394,443
868,773,1641
984,859,1843
79,142,221
375,318,693
917,963,1880
721,567,1288
863,379,1242
336,458,794
734,11,745
7,710,717
722,330,1052
982,328,1310
668,433,1101
535,511,1046
350,75,425
441,24,465
336,107,443
330,49,379
749,88,837
106,265,371
198,758,956
181,403,584
675,805,1480
108,730,838
414,258,672
361,394,755
171,229,400
330,191,521
278,811,1089
262,195,457
561,478,1039
834,433,1267
430,835,1265
103,569,672
92,575,667
995,54,1049
61,95,156
69,966,1035
678,290,968
251,441,692
425,319,744
456,801,1257
938,552,1490
341,560,901
563,924,1487
777,808,1585
586,737,1323
884,201,1085
897,262,1159
652,332,984
656,221,877
579,773,1352
647,169,816
939,138,1077
959,98,1057
831,826,1657
362,440,802
255,573,828
946,430,1376
883,513,1396
38,372,410
220,240,460
638,558,1196
379,157,536
262,177,439
247,490,737
15,849,864
280,378,658
117,329,446
503,81,584
678,290,968
702,430,1132
272,175,447
442,108,550
101,766,867
94,210,304
675,198,873
526,914,1440
572,211,783
410,59,469
241,946,1187
50,64,114
772,906,1678
149,483,632
66,75,141
301,124,425
289,289,578
59,494,553
510,15,525
289,996,1285
867,75,942
855,887,1742
851,769,1620
484,796,1280
722,947,1669
642,330,972
623,265,888
897,203,1100
9,32,41
581,517,1098
947,737,1684
742,31,773
228,684,912
755,35,790
892,20,912
108,10,118
56,391,447
528,773,1301
212,683,895
397,803,1200
261,499,760
973,43,1016
635,114,749
230,888,1118
210,782,992
831,465,1296
648,522,1170
617,915,1532
206,724,930
405,412,817
789,880,1669
175,979,1154
900,911,1811
676,177,853
160,992,1152
431,230,661
479,210,689
81,756,837
247,752,999
737,608,1345
105,236,341
589,48,637
853,670,1523
494,766,1260
725,634,1359
680,30,710
583,970,1553
443,48,491
435,660,1095
262,796,1058
728,27,755
199,365,564
377,594,971
897,99,996
506,362,868
843,276,1119
986,526,1512
817,997,1814
667,298,965
899,172,1071
824,653,1477
0,756,756
68,444,512
437,626,1063
379,676,1055
31,220,251
615,903,1518
340,600,940
693,310,1003
158,269,427
27,500,527
242,964,1206
983,991,1974
313,716,1029
303,31,334
88,515,603
69,306,375
501,891,1392
631,694,1325
407,809,1216
617,988,1605
98,896,994
371,841,1212
950,737,1687
418,735,1153
877,34,911
476,236,712
321,967,1288
633,272,905
402,622,1024
182,246,428
831,450,1281
63,371,434
133,883,1016
455,233,688
495,862,1357
599,546,1145
204,848,1052
403,243,646
849,839,1688
681,12,693
984,391,1375
431,245,676
755,363,1118
481,467,948
753,486,1239
668,642,1310
739,271,1010
33,950,983
6,126,132
708,36,744
597,538,1135
300,623,923
494,612,1106
959,87,1046
826,239,1065
769,689,1458
444,674,1118
549,456,1005
112,625,737
968,60,1028
669,78,747
61,607,668
555,542,1097
268,821,1089
695,409,1104
647,750,1397
256,39,295
607,879,1486
95,744,839
274,187,461
744,686,1430
288,865,1153
476,669,1145
86,121,207
117,813,930
308,365,673
518,198,716
327,371,698
265,213,478
161,465,626
629,549,1178
452,77,529
780,592,1372
464,147,611
591,55,646
163,410,573
786,359,1145
579,402,981
513,403,916
289,171,460
697,867,1564
469,718,1187
337,588,925
738,810,1548
5,80,85
424,872,1296
153,906,1059
977,592,1569
357,890,1247
803,950,1753
264,184,448
304,677,981
582,972,1554
803,184,987
628,506,1134
98,963,1061
597,753,1350
190,19,209
454,510,964
668,375,1043
478,569,1047
548,862,1410
903,842,1745
776,872,1648
152,924,1076
629,978,1607
752,437,1189
333,730,1063
312,903,1215
343,791,1134
625,749,1374
189,197,386
713,892,1605
386,894,1280
401,858,1259
305,565,870
583,889,1472
874,62,936
996,92,1088
543,808,1351
693,854,1547
785,52,837
139,209,348
901,348,1249
540,474,1014
470,789,1259
984,522,1506
571,97,668
646,175,821
31,128,159
635,715,1350
887,738,1625
416,914,1330
385,406,791
221,822,1043
522,464,986
658,498,1156
86,802,888
100,571,671
356,993,1349
598,5,603
72,523,595
537,831,1368
951,398,1349
115,402,517
188,382,570
966,761,1727
362,350,712
712,82,794
870,435,1305
908,647,1555
76,52,128
784,881,1665
290,572,862
62,139,201
464,868,1332
839,760,1599
971,547,1518
632,41,673
68,823,891
576,774,1350
274,340,614
404,33,437
753,127,880
602,477,1079
850,809,1659
762,78,840
255,313,568
903,955,1858
77,842,919
412,399,811
241,863,1104
881,349,1230
660,671,1331
684,223,907
331,731,1062
325,984,1309
22,896,918
802,864,1666
661,211,872
617,153,770
726,366,1092
97,905,1002
197,886,1083
490,802,1292
223,350,573
374,314,688
690,856,1546
466,649,1115
269,753,1022
887,86,973
495,89,584
555,929,1484
100,532,632
727,23,750
469,978,1447
577,190,767
594,229,823
308,236,544
272,133,405
300,264,564
392,526,918
62,91,153
13,452,465
764,471,1235
651,315,966
829,649,1478
711,973,1684
661,83,744
525,381,906
938,726,1664
341,194,535
588,70,658
629,991,1620
755,403,1158
518,793,1311
746,595,1341
448,111,559
608,482,1090
267,746,1013
27,362,389
393,639,1032
187,204,391
107,228,335
599,87,686
889,516,1405
658,570,1228
561,302,863
746,987,1733
985,690,1675
686,613,1299
634,514,1148
929,490,1419
486,297,783
163,789,952
297,147,444
576,952,1528
453,500,953
99,70,169
506,941,1447
202,905,1107
452,310,762
225,957,1182
603,479,1082
541,331,872
324,30,354
429,602,1031
37,242,279
753,674,1427
522,448,970
872,119,991
237,674,911
452,260,712
440,614,1054
100,212,312
417,908,1325
203,663,866
32,187,219
229,440,669
636,111,747
498,828,1326
691,443,1134
883,398,1281
773,970,1743
159,653,812
359,896,1255
457,457,914
524,156,680
874,494,1368
302,199,501
180,989,1169
30,949,979
231,525,756
592,347,939
446,409,855
519,821,1340
895,673,1568
905,214,1119
199,821,1020
826,99,925
438,774,1212
696,881,1577
268,255,523
756,361,1117
726,967,1693
59,569,628
66,284,350
312,877,1189
418,641,1059
36,828,864
477,869,1346
517,308,825
939,649,1588
97,871,968
810,163,973
677,679,1356
42,794,836
216,559,775
269,850,1119
128,668,796
814,563,1377
299,467,766
775,655,1430
509,969,1478
531,585,1116
743,312,1055
31,636,667
447,895,1342
551,212,763
251,233,484
273,437,710
29,228,257
546,951,1497
58,783,841
700,282,982
702,916,1618
159,125,284
728,229,957
530,620,1150
774,666,1440
371,230,601
726,451,1177
778,318,1096
835,108,943
401,680,1081
107,933,1040
787,712,1499
228,887,1115
620,246,866
923,848,1771
66,549,615
309,552,861
223,695,918
798,743,1541
450,476,926
476,178,654
477,325,802
301,244,545
525,798,1323
573,405,978
315,567,882
697,412,1109
627,582,1209
265,638,903
680,822,1502
334,788,1122
272,830,1102
15,369,384
185,241,426
46,72,118
274,800,1074
81,697,778
529,573,1102
324,808,1132
368,751,1119
362,607,969
455,553,1008
559,746,1305
317,741,1058
216,58,274
267,129,396
985,665,1650
620,918,1538
779,536,1315
360,358,718
544,502,1046
193,980,1173
737,965,1702
358,210,568
320,22,342
467,351,818
650,995,1645
638,973,1611
463,861,1324
458,165,623
131,696,827
406,969,1375
836,279,1115
474,935,1409
427,587,1014
755,147,902
781,768,1549
688,874,1562
434,782,1216
968,836,1804
455,279,734
54,902,956
826,923,1749
957,482,1439
494,411,905
297,623,920
612,659,1271
342,187,529
400,852,1252
804,302,1106
316,246,562
623,189,812
543,152,695
150,502,652
3,299,302
156,100,256
182,942,1124
223,21,244
174,430,604
566,420,986
943,306,1249
809,23,832
713,687,1400
606,685,1291
157,469,626
657,812,1469
81,756,837
795,737,1532
559,677,1236
92,683,775
9,944,953
389,395,784
9,461,470
466,973,1439
984,524,1508
439,101,540
838,118,956
132,560,692
541,214,755
868,323,1191
652,163,815
745,155,900
930,605,1535
459,700,1159
383,46,429
672,633,1305
480,782,1262
883,296,1179
761,754,1515
455,976,1431
864,750,1614
85,72,157
228,119,347
949,755,1704
979,633,1612
994,614,1608
841,846,1687
512,926,1438
935,351,1286
925,723,1648
912,959,1871
976,216,1192
557,237,794
809,535,1344
460,608,1068
830,650,1480
996,970,1966
387,370,757
894,207,1101
289,883,1172
23,481,504
380,342,722
816,62,878
952,847,1799
954,755,1709
390,39,429
112,718,830
574,537,1111
242,851,1093
520,280,800
559,709,1268
455,527,982
949,358,1307
868,443,1311
979,945,1924
181,13,194
895,529,1424
268,285,553
286,144,430
159,195,354
665,770,1435
753,302,1055
943,783,1726
387,38,425
397,376,773
377,390,767
595,799,1394
473,697,1170
312,810,1122
369,345,714
131,676,807
491,264,755
396,93,489
224,806,1030
219,537,756
763,845,1608
135,436,571
183,926,1109
430,111,541
391,852,1243
92,572,664
151,66,217
223,176,399
951,74,1025
237,76,313
734,703,1437
29,938,967
447,558,1005
450,667,1117
416,194,610
825,453,1278
904,24,928
412,114,526
212,557,769
173,972,1145
675,943,1618
921,371,1292
713,638,1351
508,505,1013
478,590,1068
980,374,1354
626,752,1378
365,815,1180
679,602,1281
265,688,953
195,581,776
571,392,963
49,262,311
783,838,1621
379,116,495
613,765,1378
421,793,1214
729,955,1684
2,289,291
440,606,1046
669,375,1044
660,45,705
778,547,1325
968,829,1797
258,984,1242
559,833,1392
715,442,1157
294,379,673
287,573,860
350,67,417
905,215,1120
647,51,698
559,519,1078
643,56,699
349,626,975
247,972,1219
937,902,1839
651,220,871
404,906,1310
133,88,221
665,369,1034
294,273,567
180,912,1092
727,2,729
260,94,354
771,378,1149
105,543,648
693,696,1389
550,897,1447
791,731,1522
968,604,1572
209,507,716
929,798,1727
416,956,1372
370,458,828
930,709,1639
759,698,1457
143,924,1067
647,121,768
230,351,581
779,518,1297
270,618,888
362,91,453
217,654,871
694,235,929
705,629,1334
553,26,579
787,151,938
896,581,1477
427,130,557
14,832,846
915,370,1285
19,862,881
228,47,275
865,880,1745
470,395,865
156,244,400
127,101,228
16,434,450
838,786,1624
79,947,1026
747,659,1406
751,757,1508
611,957,1568
9,877,886
720,948,1668
757,794,1551
126,874,1000
204,649,853
615,701,1316
643,520,1163
705,767,1472
879,27,906
964,783,1747
82,236,318
769,432,1201
751,631,1382
471,979,1450
411,34,445
336,596,932
105,870,975
182,485,667
319,446,765
476,942,1418
755,91,846
210,832,1042
355,912,1267
918,610,1528
496,462,958
310,423,733
59,75,134
986,796,1782
322,423,745
28,267,295
597,353,950
54,220,274
388,720,1108
435,994,1429
243,878,1121
254,520,774
945,922,1867
685,747,1432
127,593,720
438,494,932
401,851,1252
522,0,522
737,989,1726
612,757,1369
601,162,763
23,730,753
243,112,355
968,227,1195
415,771,1186
297,188,485
391,789,1180
262,564,826
916,209,1125
686,558,1244
855,421,1276
48,590,638
973,724,1697
618,275,893
935,645,1580
601,399,1000
900,71,971
764,695,1459
98,879,977
463,547,1010
236,815,1051
197,699,896
584,865,1449
858,543,1401
861,946,1807
249,384,633
948,365,1313
193,407,600
128,645,773
110,905,1015
351,972,1323
615,264,879
459,774,1233
307,155,462
452,259,711
136,441,577
73,2,75
325,105,430
799,979,1778
865,325,1190
969,681,1650
257,639,896
477,365,842
2,134,136
463,981,1444
578,569,1147
368,611,979
785,707,1492
425,119,544
881,380,1261
347,894,1241
784,987,1771
823,476,1299
478,716,1194
506,660,1166
95,983,1078
190,58,248
733,75,808
468,273,741
434,578,1012
995,119,1114
778,845,1623
883,970,1853
727,150,877
160,661,821
516,528,1044
141,264,405
4,341,345
505,544,1049
568,650,1218
245,836,1081
435,894,1329
72,860,932
210,910,1120
551,439,990
962,613,1575
229,30,259
257,669,926
846,835,1681
952,315,1267
771,793,1564
253,658,911
935,302,1237
880,111,991
612,55,667
834,201,1035
327,470,797
22,749,771
583,301,884
522,573,1095
665,90,755
901,369,1270
999,114,1113
261,685,946
183,185,368
243,850,1093
151,945,1096
990,261,1251
906,165,1071
234,759,993
223,432,655
991,190,1181
689,249,938
417,779,1196
872,984,1856
726,490,1216
594,755,1349
506,997,1503
595,771,1366
417,958,1375
750,762,1512
403,231,634
462,730,1192
506,594,1100
553,71,624
663,788,1451
850,470,1320
421,801,1222
997,247,1244
748,743,1491
676,436,1112
16,814,830
746,923,1669
807,727,1534
904,224,1128
13,483,496
180,488,668
526,49,575
425,591,1016
495,237,732
398,687,1085
545,936,1481
394,950,1344
317,417,734
350,385,735
408,11,419
96,347,443
764,185,949
860,931,1791
865,337,1202
769,100,869
959,299,1258
826,391,1217
724,502,1226
622,107,729
304,494,798
401,186,587
43,976,1019
391,297,688
2,941,943
115,73,188
943,280,1223
497,955,1452
175,982,1157
938,120,1058
566,503,1069
748,674,1422
174,987,1161
384,831,1215
469,354,823
998,856,1854
426,780,1206
656,484,1140
876,87,963
174,551,725
960,435,1395
449,592,1041
853,862,1715
745,215,960
229,378,607
176,558,734
793,655,1448
186,691,877
693,689,1382
550,335,885
726,20,746
580,140,720
218,319,537
647,207,854
464,943,1407
24,108,132
627,431,1058
779,555,1334
867,965,1832
796,968,1764
700,634,1334
528,340,868
892,499,1391
608,750,1358
979,792,1771
324,893,1217
27,474,501
671,363,1034
222,897,1119
964,183,1147
788,842,1630
676,699,1375
240,196,436
516,683,1199
573,221,794
689,637,1326
33,70,103
84,200,284
374,989,1363
401,795,1196
529,813,1342
820,98,918
926,490,1416
19,273,292
168,591,759
575,263,838
719,409,1128
113,816,929
641,122,763
245,803,1048
418,646,1064
813,753,1566
105,836,941
563,531,1094
697,535,1232
738,208,946
978,976,1954
114,877,991
124,290,414
87,337,424
339,589,928
512,450,962
700,306,1006
859,898,1757
48,310,358
661,626,1287
98,187,285
442,651,1093
968,896,1864
554,598,1152
554,601,1155
303,426,729
321,563,884
558,801,1359
114,729,843
677,484,1161
425,985,1410
447,147,594
295,193,488
500,422,922
91,420,511
503,871,1374
443,204,647
645,420,1065
91,585,676
250,712,962
680,357,1037
995,856,1851
734,788,1522
793,722,1515
188,148,336
630,776,1406
250,238,488
708,889,1597
337,325,662
761,790,1551
352,320,672
979,604,1583
986,118,1104
94,27,121
758,350,1108
75,411,486
730,513,1243
235,858,1093
726,803,1529
122,25,147
969,229,1198
628,476,1104
806,368,1174
277,498,775
587,361,948
195,98,293
93,279,372
297,841,1138
41,750,791
127,212,339
895,520,1415
170,239,409
217,456,673
298,688,986
197,651,848
48,567,615
694,829,1523
130,173,303
374,748,1122
831,342,1173
119,882,1001
719,967,1686
467,866,1333
268,914,1182
279,657,936
620,375,995
627,159,786
665,691,1356
218,486,704
251,77,328
915,430,1345
860,823,1683
927,407,1334
669,971,1640
850,478,1328
462,560,1022
125,666,791
400,897,1297
815,481,1296
348,223,571
668,369,1037
132,871,1003
213,403,616
355,801,1156
831,496,1327
967,776,1743
961,665,1626
59,778,837
880,866,1746
252,725,977
778,271,1049
863,75,938
977,674,1651
702,910,1612
217,742,959
600,876,1476
72,195,267
110,481,591
223,231,454
747,725,1472
393,185,578
198,428,626
2,518,520
218,770,988
521,225,746
692,167,859
907,723,1630
509,145,654
968,600,1568
283,119,402
209,307,516
800,857,1657
510,495,1005
990,624,1614
233,208,441
386,386,772
262,678,940
429,245,674
879,143,1022
649,681,1330
623,639,1262
984,593,1577
378,736,1114
680,117,797
259,575,834
209,609,818
188,124,312
652,243,895
565,372,937
911,619,1530
243,354,597
752,671,1423
517,441,958
399,582,981
3,775,778
557,737,1294
670,364,1034
320,849,1169
971,761,1732
839,692,1531
638,797,1435
921,185,1106
534,955,1489
703,132,835
413,202,615
418,756,1174
838,119,957
160,918,1078
451,406,857
738,335,1073
897,686,1583
536,529,1065
246,240,486
651,690,1341
194,836,1030
945,936,1881
730,299,1029
162,39,201
82,686,768
739,341,1080
363,368,731
156,906,1062
114,180,294
372,572,944
81,766,847
137,921,1058
594,1,595
303,944,1247
87,532,619
653,798,1451
368,392,760
263,367,630
119,283,402
670,843,1513
302,623,925
806,440,1246
798,659,1457
106,794,900
529,354,883
163,682,845
390,304,694
732,820,1552
31,808,839
755,227,982
379,335,714
187,449,636
960,295,1255
786,60,846
626,944,1570
516,772,1288
994,98,1092
899,36,935
51,384,435
830,600,1430
653,371,1024
908,575,1483
392,378,770
357,776,1133
306,612,918
278,460,738
885,507,1392
896,360,1256
221,233,454
355,400,755
243,408,651
399,747,1146
559,256,815
186,313,499
408,480,888
919,353,1272
774,895,1669
409,504,913
138,461,599
351,538,889
944,283,1227
270,363,633
817,664,1481
511,56,567
547,235,782
890,15,905
893,215,1108
11,423,434
633,292,925
638,878,1516
103,591,694
218,393,611
165,469,634
317,1,318
897,49,946
348,51,399
471,447,918
999,313,1312
993,531,1524
512,793,1305
547,406,953
587,70,657
39,115,154
247,134,381
88,67,155
1,710,711
537,764,1301
704,181,885
692,836,1528
701,251,952
414,263,677
679,719,1398
207,520,727
511,616,1127
738,840,1578
135,261,396
125,932,1057
695,967,1662
77,226,303
684,129,813
62,183,245
917,902,1819
760,30,790
495,641,1136
920,546,1466
652,784,1436
567,947,1514
287,371,658
805,800,1605
240,27,267
919,935,1854
924,929,1853
777,378,1155
523,470,993
441,458,899
641,313,954
906,599,1505
455,832,1287
609,851,1460
514,435,949
832,84,916
728,749,1477
434,342,776
368,730,1098
179,817,996
584,913,1497
357,998,1355
799,391,1190
696,156,852
607,257,864
574,337,911
514,18,532
296,660,956
683,132,815
984,394,1378
611,920,1531
178,949,1127
245,622,867
205,716,921
477,955,1432
788,622,1410
360,612,972
671,970,1641
367,89,456
13,347,360
920,997,1917
105,949,1054
670,686,1356
966,309,1275
242,743,985
446,503,949
504,308,812
443,16,459
420,671,1091
586,948,1534
342,536,878
99,758,857
438,901,1339
887,725,1612
976,225,1201
430,637,1067
583,824,1407
150,995,1145
730,205,935
135,524,659
872,665,1537
156,762,918
703,55,758
876,859,1735
708,649,1357
576,223,799
944,967,1911
570,468,1038
332,740,1072
883,522,1405
825,551,1376
928,41,969
196,421,617
342,635,977
848,89,937
310,967,1277
544,80,624
389,969,1358
257,340,597
92,601,693
392,886,1278
709,566,1275
248,769,1017
22,833,855
341,293,634
847,247,1094
736,915,1651
188,840,1028
447,740,1187
451,614,1065
415,996,1411
63,247,310
390,307,697
636,301,937
562,159,721
772,945,1717
226,353,579
165,221,386
537,353,890
363,586,949
556,74,630
152,54,206
657,529,1186
538,737,1275
126,851,977
579,324,903
870,287,1157
280,550,830
500,431,931
276,553,829
66,158,224
372,653,1025
779,243,1022
412,301,713
964,550,1514
511,706,1217
131,271,402
547,629,1176
36,799,835
688,327,1015
843,216,1059
5,597,602
483,227,710
512,463,975
139,83,222
946,703,1649
494,431,925
844,472,1316
991,198,1189
548,382,930
659,243,902
890,376,1266
940,437,1377
581,292,873
88,718,806
545,555,1100
677,109,786
6,758,764
539,729,1268
864,565,1429
314,228,542
475,282,757
741,935,1676
509,170,679
247,682,929
229,211,440
833,423,1256
448,643,1091
745,89,834
569,796,1365
347,324,671
145,398,543
584,515,1099
696,547,1243
833,401,1234
127,396,523
765,331,1096
66,328,394
87,559,646
230,55,285
539,784,1323
955,879,1834
777,566,1343
216,938,1154
459,608,1067
524,455,979
973,126,1099
266,655,921
617,358,975
883,58,941
698,817,1515
700,898,1598
954,952,1906
215,972,1187
368,782,1150
71,55,126
292,335,627
41,523,564
81,186,267
832,154,986
580,874,1454
278,50,328
959,987,1946
193,403,596
733,571,1304
606,28,634
391,489,880
717,510,1227
604,431,1035
968,555,1523
566,440,1006
897,65,962
219,89,308
759,367,1126
737,221,958
236,345,581
845,22,867
729,69,798
175,486,661
900,50,950
475,622,1097
112,206,318
657,523,1180
763,750,1513
852,949,1801
943,695,1638
583,141,724
710,325,1035
367,872,1239
159,711,870
834,922,1756
358,106,464
81,107,188
971,34,1005
861,790,1651
539,936,1475
380,879,1259
318,683,1001
627,749,1376
62,870,932
649,210,859
251,450,701
52,545,597
299,286,585
899,215,1114
842,833,1675
86,132,218
989,461,1450
189,276,465
577,666,1243
454,367,821
818,299,1117
937,888,1825
124,375,499
116,939,1055
939,618,1557
834,678,1512
720,285,1005
941,249,1190
293,267,560
733,547,1280
823,882,1705
53,689,742
682,254,936
163,520,683
814,978,1792
204,448,652
199,297,496
5,314,319
974,233,1207
578,456,1034
554,352,906
765,101,866
928,752,1680
220,886,1106
594,418,1012
908,678,1586
73,387,460
484,771,1255
848,89,937
631,907,1538
560,144,704
664,212,876
867,570,1437
234,544,778
847,400,1247
453,35,488
551,830,1381
793,52,845
475,249,724
783,649,1432
192,623,815
941,351,1292
383,3,386
598,767,1365
505,634,1139
999,631,1630
740,704,1444
869,260,1129
576,443,1019
381,323,704
811,376,1187
614,373,987
407,124,531
238,137,375
672,767,1439
510,747,1257
947,689,1636
608,177,785
360,921,1281
749,800,1549
205,446,651
515,876,1391
381,218,599
833,495,1328
734,972,1706
257,773,1030
108,202,310
423,375,798
373,976,1349
885,437,1322
111,650,761
958,251,1209
160,76,236
892,941,1833
877,341,1218
453,160,613
496,404,900
334,186,520
963,707,1670
698,763,1461
681,224,905
208,477,685
202,271,473
828,621,1449
291,821,1112
863,680,1543
741,870,1611
390,445,835
303,95,398
893,649,1542
143,658,801
984,79,1063
888,609,1497
120,642,762
541,934,1475
173,853,1026
532,722,1254
658,563,1221
436,558,994
768,518,1286
315,211,526
432,553,985
237,647,884
209,54,263
128,257,385
671,502,1173
919,971,1890
522,30,552
298,3,301
265,176,441
443,791,1234
348,499,847
486,169,655
327,977,1304
545,650,1195
81,347,428
936,199,1135
454,624,1078
297,909,1206
858,337,1195
159,629,788
369,60,429
53,133,186
49,115,164
617,678,1295
351,904,1255
871,301,1172
222,521,743
862,232,1094
154,511,665
225,704,929
612,867,1479
812,337,1149
513,525,1038
923,978,1901
171,805,976
929,883,1812
174,870,1044
773,165,938
801,594,1395
782,385,1167
557,162,719
952,545,1497
753,555,1308
102,248,350
521,755,1276
491,918,1409
870,713,1583
436,148,584
484,61,545
650,123,773
11,775,786
870,963,1833
680,146,826
710,939,1649
269,660,929
946,346,1292
717,457,1174
873,265,1138
315,218,533
945,544,1489
16,134,150
158,544,702
272,486,758
678,373,1051
752,267,1019
547,849,1396
864,734,1598
428,459,887
488,437,925
775,298,1073
485,103,588
558,2,560
630,83,713
847,541,1388
163,937,1100
89,794,883
892,944,1836
710,437,1147
965,892,1857
614,595,1209
181,618,799
572,71,643
554,202,756
680,935,1615
989,935,1924
668,463,1131
911,55,966
207,951,1158
328,98,426
53,319,372
52,373,425
460,195,655
272,407,679
971,962,1933
118,675,793
196,577,773
688,717,1405
20,288,308
850,104,954
178,270,448
309,168,477
358,227,585
784,163,947
9,136,145
654,879,1533
768,467,1235
645,769,1414
235,310,545
144,723,867
112,139,251
113,100,213
254,950,1204
213,159,372
681,550,1231
228,789,1017
368,18,386
923,222,1145
370,677,1047
16,996,1012
594,321,915
98,136,234
919,464,1383
685,293,978
25,590,615
140,880,1020
571,575,1146
643,888,1531
893,166,1059
102,860,962
732,223,955
26,208,234
831,978,1809
340,402,742
94,461,555
989,863,1852
302,518,820
526,574,1100
973,425,1398
854,831,1685
714,720,1434
181,485,666
289,736,1025
460,766,1226
418,618,1036
937,655,1592
785,40,825
261,309,570
337,729,1066
280,178,458
344,231,575
589,321,910
637,75,712
160,483,643
711,632,1343
981,754,1735
631,883,1514
454,678,1132
524,822,1346
760,850,1610
617,45,662
405,888,1293
928,154,1082
265,366,631
785,392,1177
487,479,966
363,456,819
538,657,1195
517,307,824
601,39,640
851,104,955
111,751,862
435,256,691
604,394,998
945,706,1651
832,710,1542
867,823,1690
229,641,870
97,350,447
983,53,1036
351,697,1048
17,150,167
59,944,1003
552,281,833
180,78,258
394,377,771
486,393,879
183,225,408
181,911,1092
105,14,119
573,375,948
672,306,978
411,355,766
416,217,633
775,380,1155
298,573,871
62,752,814
552,123,675
510,301,811
303,304,607
448,102,550
319,690,1009
989,324,1313
24,999,1023
494,120,614
986,255,1241
980,794,1774
686,294,980
539,860,1399
44,995,1039
430,148,578
6,17,23
784,128,912
245,755,1000
522,688,1210
306,642,948
550,62,612
352,114,466
22,861,883
588,62,650
706,952,1658
72,116,188
809,329,1138
569,355,924
995,907,1902
973,937,1910
950,180,1130
81,88,169
265,193,458
441,41,482
158,64,222
219,102,321
248,315,563
749,32,781
265,775,1040
119,776,895
75,521,596
468,743,1211
602,995,1597
881,163,1044
669,151,820
798,324,1122
683,136,819
195,86,281
237,52,289
259,441,700
395,977,1372
681,59,740
474,895,1369
255,323,578
597,907,1504
454,840,1294
361,453,814
431,766,1197
724,435,1159
466,186,652
168,421,589
503,621,1124
898,534,1432
710,666,1376
600,266,866
740,888,1628
543,729,1272
28,63,91
860,134,994
599,688,1287
301,799,1100
612,329,941
258,71,329
436,537,973
334,718,1052
9,752,761
182,235,417
879,24,903
971,539,1510
8,92,100
469,582,1051
717,952,1669
218,216,434
765,654,1419
923,825,1748
584,303,887
958,369,1327
859,875,1734
764,513,1277
820,107,927
478,921,1399
424,338,762
174,398,572
108,224,332
840,135,975
630,497,1127
25,937,962
264,47,311
502,916,1418
228,642,870
924,752,1676
979,378,1357
403,220,623
398,55,453
717,778,1495
20,575,595
223,372,595
214,194,408
568,474,1042
141,340,481
657,100,757
206,229,435
340,562,902
714,250,964
71,462,533
826,171,997
686,322,1008
465,406,871
691,362,1053
606,915,1521
662,17,679
666,458,1124
652,974,1626
699,377,1076
116,43,159
510,599,1109
873,524,1397
515,230,745
238,637,875
834,785,1619
966,363,1329
968,581,1549
417,307,724
352,370,722
75,720,795
74,314,388
367,900,1267
64,488,552
62,174,236
792,177,969
364,388,752
457,123,580
959,94,1053
276,261,537
191,519,710
333,713,1046
310,4,314
101,50,151
469,85,554
834,923,1757
264,244,508
200,680,880
689,780,1469
958,156,1114
543,253,796
546,940,1486
767,726,1493
663,289,952
396,367,763
173,421,594
508,268,776
81,9,90
183,318,501
569,305,874
573,779,1352
641,228,869
763,59,822
857,260,1117
32,63,95
401,360,761
157,360,517
610,910,1520
367,411,778
335,323,658
762,891,1653
89,279,368
1,110,111
463,322,785
71,506,577
322,9,331
38,577,615
362,413,775
707,545,1252
881,352,1233
303,314,617
841,258,1099
679,840,1519
128,312,440
222,332,554
963,789,1752
603,230,833
643,652,1295
369,828,1197
873,702,1575
56,369,425
801,338,1139
124,638,762
372,768,1140
167,578,745
14,993,1007
584,639,1223
871,48,919
879,3,882
752,144,896
181,767,948
226,974,1200
56,530,586
735,91,826
640,416,1056
320,98,418
363,525,888
505,917,1422
792,138,930
680,688,1368
524,531,1055
439,43,482
604,968,1572
952,897,1849
999,426,1425
536,174,710
497,611,1108
383,44,427
878,935,1813
719,639,1358
373,516,889
519,729,1248
712,172,884
316,942,1258
879,759,1638
329,877,1206
419,389,808
56,893,949
696,70,766
533,914,1447
508,469,977
766,512,1278
109,662,771
739,691,1430
83,246,329
176,277,453
262,825,1087
353,369,722
506,757,1263
475,382,857
66,432,498
107,464,571
899,495,1394
774,377,1151
958,339,1297
104,509,613
50,970,1020
443,599,1042
140,579,719
802,247,1049
832,791,1623
163,830,993
715,144,859
346,932,1278
791,907,1698
829,136,965
271,386,657
337,278,615
650,315,965
754,69,823
140,852,992
563,794,1357
690,621,1311
720,168,888
645,306,951
678,165,843
912,22,934
224,515,739
650,784,1434
250,660,910
405,995,1400
323,364,687
168,515,683
62,771,833
22,197,219
666,428,1094
435,228,663
512,758,1270
909,969,1878
52,443,495
251,879,1130
330,113,443
528,588,1116
472,702,1174
113,410,523
515,954,1469
766,197,963
456,46,502
132,673,805
614,32,646
228,672,900
158,574,732
988,38,1026
788,500,1288
512,335,847
404,163,567
507,678,1185
107,605,712
571,460,1031
503,97,600
809,254,1063
522,984,1506
383,72,455
363,637,1000
340,373,713
577,82,659
9,403,412
657,358,1015
202,525,727
52,144,196
791,369,1160
501,160,661
224,618,842
525,825,1350
944,294,1238
903,300,1203
543,623,1166
85,140,225
284,436,720
980,553,1533
445,652,1097
147,165,312
605,590,1195
990,485,1475
498,163,661
710,197,907
195,606,801
941,505,1446
790,424,1214
265,325,590
195,921,1116
320,357,677
451,93,544
491,588,1079
603,740,1343
231,920,1151
847,917,1764
819,144,963
164,436,600
922,980,1902
103,772,875
74,32,106
712,461,1173
696,879,1575
64,269,333
326,155,481
317,421,738
52,447,499
132,817,949
766,579,1345
756,575,1331
153,899,1052
278,536,814
729,890,1619
298,316,614
170,925,1095
821,872,1693
410,873,1283
798,65,863
315,804,1119
760,525,1285
615,148,763
355,165,520
860,273,1133
802,139,941
96,695,791
560,863,1423
705,285,990
800,728,1528
951,929,1880
879,518,1397
807,182,989
861,944,1805
939,112,1051
99,326,425
971,205,1176
469,998,1467
618,56,674
559,599,1158
156,48,204
367,310,677
948,659,1607
15,257,272
652,522,1174
710,160,870
370,459,829
96,945,1041
506,576,1082
218,664,882
550,883,1433
370,230,600
137,334,471
625,821,1446
906,653,1559
948,986,1934
279,206,485
449,309,758
5,52,57
544,436,980
488,94,582
191,124,315
847,284,1131
520,921,1441
840,758,1598
908,79,987
360,735,1095
686,278,964
668,628,1296
384,657,1041
647,662,1309
906,880,1786
183,208,391
73,303,376
680,163,843
253,660,913
128,28,156
932,57,989
724,937,1661
962,710,1672
152,963,1115
97,549,646
539,810,1349
319,501,820
785,136,921
272,513,785
323,410,733
121,875,996
479,529,1008
518,411,929
131,829,960
796,857,1653
338,861,1199
176,236,412
862,292,1154
225,291,516
429,52,481
342,960,1302
508,185,693
457,974,1431
996,350,1346
149,727,876
115,952,1067
639,402,1041
872,432,1304
24,881,905
246,586,832
359,233,592
316,386,702
583,254,837
245,369,614
298,645,943
592,203,795
313,660,973
96,730,826
15,555,570
458,35,493
73,899,972
819,568,1387
897,315,1212
576,708,1284
506,263,769
79,773,852
400,196,596
13,416,429
435,875,1310
77,96,173
739,566,1305
199,853,1052
389,149,538
969,693,1662
347,251,598
958,97,1055
798,939,1737
88,304,392
10,754,764
529,743,1272
362,532,894
512,411,923
926,850,1776
404,994,1398
491,267,758
89,519,608
521,647,1168
996,57,1053
771,287,1058
234,91,325
558,716,1274
19,438,457
842,275,1117
394,108,502
589,551,1140
675,570,1245
220,762,982
443,769,1212
378,846,1224
384,518,902
627,64,691
328,871,1199
664,146,810
988,333,1321
398,155,553
625,965,1590
5,932,937
612,249,861
407,584,991
476,335,811
925,573,1498
965,478,1443
869,32,901
814,105,919
651,386,1037
453,322,775
476,546,1022
873,230,1103
856,619,1475
989,565,1554
268,67,335
338,862,1200
740,421,1161
291,23,314
140,239,379
103,746,849
361,622,983
657,147,804
438,149,587
285,132,417
113,571,684
381,612,993
954,917,1871
420,509,929
901,351,1252
777,628,1405
53,417,470
24,13,37
304,497,801
175,364,539
619,654,1273
207,657,864
633,560,1193
741,970,1711
4,621,625
888,695,1583
255,139,394
781,8,789
855,559,1414
867,616,1483
651,523,1174
51,338,389
513,580,1093
750,805,1555
190,772,962
291,450,741
527,729,1256
275,105,380
556,213,769
341,930,1271
132,464,596
10,475,485
91,748,839
564,332,896
311,330,641
760,304,1064
779,334,1113
31,241,272
267,867,1134
567,997,1564
150,35,185
168,775,943
949,941,1890
478,245,723
297,638,935
722,891,1613
582,945,1527
38,828,866
386,235,621
862,799,1661
174,759,933
477,566,1043
312,707,1019
345,713,1058
676,721,1397
288,487,775
575,992,1567
959,883,1842
686,913,1599
930,98,1028
572,23,595
515,421,936
149,541,690
781,290,1071
266,517,783
128,747,875
728,894,1622
64,600,664
904,765,1669
865,347,1212
286,787,1073
636,664,1300
272,528,800
144,897,1041
99,70,169
757,878,1635
893,667,1560
951,750,1701
397,943,1340
719,60,779
269,633,902
795,274,1069
117,209,326
65,703,768
513,440,953
11,141,152
428,48,476
137,76,213
830,651,1481
979,366,1345
469,308,777
177,222,399
840,770,1610
289,398,687
994,259,1253
780,350,1130
170,446,616
217,228,445
804,136,940
282,569,851
375,461,836
467,915,1382
218,663,881
110,562,672
82,744,826
684,233,917
567,279,846
546,84,630
360,538,898
883,339,1222
628,135,763
715,582,1297
940,180,1120
517,228,745
194,114,308
932,254,1186
228,753,981
751,22,773
361,392,753
596,991,1587
10,376,386
310,88,398
997,697,1694
219,602,821
517,50,567
143,836,979
117,274,391
596,855,1451
546,17,563
270,667,937
479,774,1253
190,257,447
520,444,964
398,375,773
794,638,1432
498,920,1418
578,302,880
603,189,792
231,367,598
882,616,1498
277,77,354
852,687,1539
153,705,858
771,315,1086
306,718,1024
369,889,1258
341,213,554
172,874,1046
901,118,1019
736,260,996
970,877,1847
94,477,571
490,27,517
239,442,681
478,280,758
969,893,1862
329,328,657
495,5,500
60,380,440
937,331,1268
130,28,158
16,459,475
922,759,1681
699,640,1339
207,688,895
845,908,1753
987,620,1607
875,767,1642
620,919,1539
961,886,1847
433,516,949
152,381,533
118,732,850
267,94,361
159,546,705
367,828,1195
430,359,789
321,593,914
754,810,1564
697,394,1091
69,756,825
563,751,1314
890,661,1551
953,545,1498
290,321,611
763,845,1608
186,190,376
982,500,1482
270,719,989
124,258,382
220,368,588
484,932,1416
455,675,1130
229,464,693
334,947,1281
524,559,1083
143,505,648
194,655,849
261,583,844
218,316,534
885,448,1333
457,873,1330
479,398,877
872,581,1453
799,168,967
73,523,596
942,733,1675
420,612,1032
877,98,975
236,52,288
509,700,1209
515,484,999
699,412,1111
151,752,903
250,238,488
765,275,1040
571,672,1243
848,371,1219
204,48,252
209,731,940
234,136,370
486,328,814
556,160,716
339,797,1136
587,638,1225
320,753,1073
734,306,1040
257,470,727
393,768,1161
627,300,927
194,328,522
261,453,714
734,569,1303
110,133,243
781,391,1172
41,267,308
375,176,551
157,53,210
699,506,1205
420,277,697
578,494,1072
914,467,1381
298,398,696
106,744,850
442,974,1416
753,7,760
47,600,647
327,390,717
846,882,1728
245,533,778
167,775,942
953,552,1505
542,538,1080
922,3,925
768,574,1342
930,364,1294
880,913,1793
177,438,615
429,582,1011
529,779,1308
265,905,1170
630,312,942
646,620,1266
93,262,355
721,124,845
970,254,1224
226,352,578
950,446,1396
763,866,1629
179,746,925
940,946,1886
656,693,1349
399,245,644
856,104,960
907,753,1660
156,567,723
413,741,1154
769,803,1572
237,51,288
717,368,1085
350,771,1121
740,257,997
46,92,138
339,953,1292
777,225,1002
673,168,841
841,547,1388
238,22,260
597,683,1280
345,343,688
49,292,341
798,657,1455
451,424,875
936,19,955
256,140,396
921,428,1349
208,275,483
514,260,774
210,339,549
857,551,1408
674,133,807
965,837,1802
638,580,1218
46,10,56
377,245,622
669,843,1512
374,504,878
103,645,748
743,455,1198
345,108,453
892,25,917
884,26,910
420,751,1171
444,477,921
344,3,347
235,700,935
497,67,564
587,245,832
258,695,953
58,531,589
554,973,1527
187,653,840
644,208,852
477,845,1322
827,90,917
367,383,750
339,895,1234
538,69,607
823,443,1266
370,969,1339
835,590,1425
548,962,1510
646,854,1500
683,618,1301
543,293,836
205,128,333
763,22,785
327,16,343
44,70,114
448,403,851
733,398,1131
197,487,684
972,728,1700
114,634,748
176,644,820
771,941,1712
993,189,1182
765,772,1537
517,767,1284
175,247,422
909,868,1777
474,731,1205
875,459,1334
574,647,1221
659,492,1151
811,591,1402
286,84,370
80,167,247
172,438,610
86,983,1069
463,569,1032
335,831,1166
701,711,1412
556,752,1308
559,620,1179
343,182,525
930,572,1502
635,442,1077
43,245,288
164,723,887
243,204,447
875,229,1104
509,820,1329
352,596,948
45,718,763
925,463,1388
740,243,983
121,561,682
718,463,1181
255,783,1038
683,789,1472
587,963,1550
283,312,595
108,717,825
826,485,1311
261,921,1182
477,375,852
581,230,811
910,650,1560
879,922,1801
765,249,1014
261,965,1226
269,345,614
54,797,851
345,822,1167
346,388,734
64,168,232
591,5,596
471,325,796
341,205,546
841,767,1608
123,455,578
702,174,876
999,396,1395
280,731,1011
364,398,762
