num1,num2,numsum
143,528,671
854,531,1385
681,218,899
767,295,1062
925,245,1170
479,326,805
918,556,1474
184,962,1146
890,795,1685
758,541,1299
189,759,948
393,77,470
866,991,1857
638,391,1029
290,149,439
5,259,264
37,27,64
874,274,1148
390,111,501
697,620,1317
402,352,754
101,689,790
170,169,339
970,182,1152
295,475,770
342,825,1167
485,470,955
989,643,1632
235,894,1129
137,254,391
958,910,1868
908,243,1151
70,272,342
25,622,647
808,802,1610
207,670,877
345,303,648
229,823,1052
776,551,1327
678,738,1416
337,84,421
960,523,1483
611,818,1429
876,941,1817
82,356,438
152,680,832
134,641,775
823,671,1494
493,599,1092
926,887,1813
727,420,1147
783,523,1306
232,812,1044
960,235,1195
443,91,534
997,311,1308
801,580,1381
579,249,828
247,663,910
246,549,795
818,818,1636
336,876,1212
115,61,176
534,785,1319
199,929,1128
236,631,867
377,14,391
458,57,515
222,123,345
850,740,1590
58,748,806
197,889,1086
414,885,1299
116,148,264
706,475,1181
353,245,598
838,62,900
483,506,989
980,792,1772
148,956,1104
904,321,1225
331,315,646
971,585,1556
346,26,372
247,752,999
355,323,678
810,831,1641
763,496,1259
4,131,135
837,74,911
994,14,1008
749,275,1024
610,696,1306
689,556,1245
117,132,249
875,649,1524
617,619,1236
808,135,943
156,973,1129
149,707,856
680,135,815
97,77,174
11,136,147
669,483,1152
215,122,337
995,906,1901
574,290,864
970,964,1934
330,282,612
643,64,707
984,830,1814
725,602,1327
618,458,1076
160,219,379
411,838,1249
918,345,1263
105,585,690
43,644,687
438,383,821
965,636,1601
369,5,374
964,649,1613
620,440,1060
428,772,1200
984,675,1659
55,72,127
600,137,737
234,912,1146
534,116,650
779,476,1255
37,873,910
467,45,512
562,963,1525
179,650,829
253,349,602
285,131,416
354,763,1117
872,18,890
888,777,1665
607,424,1031
992,778,1770
195,127,322
428,126,554
248,119,367
659,414,1073
369,866,1235
327,199,526
839,721,1560
887,763,1650
356,635,991
205,818,1023
78,744,822
361,841,1202
206,325,531
671,314,985
786,415,1201
810,726,1536
717,851,1568
421,852,1273
243,419,662
404,6,410
718,296,1014
239,528,767
637,609,1246
976,26,1002
712,764,1476
844,641,1485
860,311,1171
153,698,851
322,981,1303
266,526,792
386,34,420
251,768,1019
351,9,360
668,335,1003
616,221,837
276,449,725
482,43,525
421,226,647
87,857,944
689,38,727
848,969,1817
162,603,765
640,142,782
945,5,950
352,160,512
408,35,443
98,912,1010
49,8,57
26,72,98
374,878,1252
472,303,775
432,615,1047
672,371,1043
447,682,1129
292,930,1222
16,554,570
328,416,744
339,719,1058
671,232,903
48,428,476
204,549,753
859,208,1067
631,912,1543
869,2,871
600,19,619
287,696,983
387,471,858
997,731,1728
198,462,660
526,53,579
523,305,828
268,804,1072
880,342,1222
301,194,495
885,712,1597
628,947,1575
366,482,848
320,666,986
329,669,998
45,873,918
939,50,989
261,342,603
349,305,654
235,374,609
528,47,575
900,66,966
750,813,1563
252,758,1010
976,552,1528
414,241,655
269,23,292
354,849,1203
439,270,709
270,799,1069
531,255,786
738,867,1605
644,509,1153
550,116,666
565,539,1104
421,627,1048
398,770,1168
814,245,1059
753,496,1249
785,534,1319
681,222,903
98,121,219
476,785,1261
475,248,723
438,619,1057
744,871,1615
151,149,300
974,909,1883
112,337,449
273,432,705
384,35,419
94,627,721
929,567,1496
65,370,435
629,66,695
655,325,980
880,241,1121
488,75,563
785,802,1587
171,736,907
53,472,525
394,233,627
177,9,186
280,712,992
648,500,1148
917,695,1612
110,487,597
313,472,785
570,902,1472
913,326,1239
42,218,260
702,295,997
159,929,1088
635,571,1206
850,682,1532
300,619,919
632,382,1014
930,458,1388
357,938,1295
987,985,1972
284,564,848
580,265,845
385,402,787
764,533,1297
418,209,627
163,6,169
417,583,1000
928,86,1014
249,65,314
779,750,1529
124,983,1107
852,372,1224
303,19,322
230,477,707
0,892,892
281,890,1171
207,45,252
375,672,1047
635,857,1492
591,912,1503
408,280,688
83,433,516
683,184,867
540,427,967
881,960,1841
639,150,789
343,709,1052
428,873,1301
195,908,1103
924,512,1436
618,268,886
864,531,1395
540,168,708
251,599,850
303,472,775
210,816,1026
220,818,1038
841,238,1079
41,4,45
80,503,583
87,688,775
395,690,1085
451,263,714
167,183,350
904,285,1189
98,468,566
120,822,942
589,758,1347
669,307,976
302,113,415
621,221,842
323,354,677
654,612,1266
657,907,1564
523,148,671
855,139,994
863,571,1434
404,799,1203
632,435,1067
664,743,1407
822,377,1199
146,456,602
299,532,831
309,914,1223
189,283,472
57,708,765
809,411,1220
190,145,335
284,771,1055
33,591,624
547,683,1230
739,55,794
364,276,640
574,328,902
492,395,887
500,119,619
50,647,697
671,151,822
596,83,679
994,705,1699
311,602,913
361,599,960
981,195,1176
189,661,850
468,710,1178
121,797,918
933,83,1016
926,979,1905
521,988,1509
355,524,879
328,145,473
33,93,126
823,786,1609
469,81,550
275,676,951
231,942,1173
88,116,204
532,96,628
234,66,300
818,982,1800
601,637,1238
670,722,1392
868,826,1694
990,687,1677
238,493,731
265,833,1098
473,829,1302
674,299,973
642,973,1615
517,387,904
595,893,1488
933,854,1787
313,117,430
563,197,760
463,206,669
874,545,1419
967,111,1078
90,204,294
346,707,1053
678,711,1389
271,132,403
710,884,1594
47,613,660
60,804,864
836,340,1176
856,221,1077
852,653,1505
123,373,496
486,532,1018
153,284,437
772,1,773
231,414,645
678,735,1413
667,595,1262
244,752,996
856,360,1216
639,675,1314
593,974,1567
755,694,1449
924,222,1146
282,281,563
906,627,1533
319,347,666
426,508,934
442,193,635
890,323,1213
483,729,1212
960,331,1291
544,533,1077
460,908,1368
217,142,359
380,793,1173
131,77,208
345,570,915
865,816,1681
681,278,959
25,940,965
2,703,705
402,267,669
653,256,909
469,518,987
591,10,601
720,54,774
501,277,778
639,697,1336
442,970,1412
335,30,365
361,765,1126
548,621,1169
898,714,1612
204,938,1142
207,613,820
667,726,1393
729,542,1271
858,874,1732
835,940,1775
9,438,447
334,807,1141
810,979,1789
747,460,1207
788,277,1065
137,86,223
839,261,1100
71,264,335
747,429,1176
553,765,1318
323,603,926
926,127,1053
333,5,338
331,307,638
677,888,1565
555,272,827
23,322,345
728,984,1712
27,657,684
983,964,1947
581,716,1297
925,460,1385
294,710,1004
591,38,629
209,99,308
539,674,1213
907,392,1299
340,406,746
296,808,1104
792,655,1447
268,873,1141
287,563,850
690,723,1413
54,459,513
608,13,621
719,468,1187
734,462,1196
908,157,1065
391,843,1234
441,706,1147
962,425,1387
287,767,1054
581,511,1092
824,312,1136
255,405,660
394,632,1026
90,246,336
408,642,1050
55,808,863
920,807,1727
645,32,677
968,391,1359
454,300,754
575,467,1042
602,37,639
121,882,1003
620,292,912
594,93,687
904,706,1610
616,654,1270
360,902,1262
0,618,618
797,542,1339
778,530,1308
250,485,735
623,288,911
781,750,1531
992,338,1330
972,151,1123
679,63,742
718,698,1416
813,646,1459
547,22,569
928,458,1386
862,537,1399
588,842,1430
813,382,1195
84,589,673
846,637,1483
287,136,423
746,470,1216
55,902,957
349,385,734
83,49,132
967,425,1392
98,619,717
180,539,719
765,846,1611
279,536,815
917,291,1208
991,331,1322
225,624,849
433,402,835
464,600,1064
525,518,1043
124,985,1109
229,648,877
321,795,1116
243,605,848
665,834,1499
191,716,907
437,24,461
110,679,789
953,720,1673
865,324,1189
520,14,534
825,665,1490
555,745,1300
514,900,1414
754,961,1715
705,971,1676
824,919,1743
789,11,800
337,611,948
900,721,1621
340,748,1088
742,795,1537
661,307,968
246,20,266
886,172,1058
221,960,1181
913,9,922
916,968,1884
807,195,1002
380,875,1255
635,669,1304
516,290,806
727,57,784
121,778,899
458,374,832
481,884,1365
814,404,1218
227,363,590
247,398,645
590,505,1095
938,36,974
111,469,580
90,350,440
382,34,416
390,116,506
435,443,878
111,59,170
345,653,998
850,243,1093
574,784,1358
165,413,578
713,830,1543
534,287,821
313,934,1247
917,754,1671
695,677,1372
170,221,391
591,466,1057
828,253,1081
157,422,579
194,73,267
601,326,927
268,112,380
261,963,1224
817,196,1013
546,271,817
483,401,884
30,578,608
821,648,1469
994,990,1984
789,555,1344
284,161,445
324,115,439
773,199,972
619,901,1520
346,440,786
516,719,1235
567,203,770
517,910,1427
49,376,425
84,650,734
515,876,1391
884,122,1006
966,511,1477
987,847,1834
591,975,1566
478,833,1311
308,49,357
348,477,825
737,885,1622
869,744,1613
38,772,810
146,475,621
532,295,827
634,658,1292
615,50,665
956,313,1269
5,756,761
412,303,715
499,790,1289
211,606,817
236,823,1059
709,328,1037
775,136,911
845,320,1165
291,93,384
206,146,352
392,635,1027
816,8,824
512,276,788
965,182,1147
868,588,1456
461,427,888
243,11,254
18,577,595
327,175,502
920,111,1031
173,4,177
241,242,483
668,496,1164
565,269,834
60,642,702
442,11,453
320,603,923
243,187,430
209,139,348
418,924,1342
900,162,1062
13,325,338
378,586,964
937,76,1013
80,583,663
372,509,881
343,101,444
208,796,1004
643,945,1588
677,21,698
487,74,561
401,627,1028
309,932,1241
445,258,703
172,190,362
28,499,527
467,152,619
245,471,716
274,342,616
125,398,523
941,965,1906
608,273,881
50,558,608
668,106,774
831,124,955
76,909,985
785,242,1027
913,219,1132
199,253,452
26,961,987
915,604,1519
964,845,1809
654,201,855
598,264,862
535,241,776
582,129,711
547,341,888
545,506,1051
952,439,1391
91,591,682
702,184,886
263,80,343
399,23,422
728,375,1103
868,747,1615
700,591,1291
29,184,213
633,615,1248
982,669,1651
96,116,212
339,403,742
940,713,1653
686,686,1372
603,16,619
408,127,535
479,523,1002
566,179,745
936,823,1759
954,731,1685
910,769,1679
217,746,963
553,589,1142
939,293,1232
20,961,981
660,961,1621
660,729,1389
722,479,1201
952,333,1285
784,645,1429
581,360,941
140,173,313
230,772,1002
856,878,1734
275,252,527
853,745,1598
512,258,770
504,464,968
408,383,791
510,875,1385
671,837,1508
974,576,1550
826,906,1732
456,753,1209
443,954,1397
44,519,563
81,614,695
885,413,1298
337,479,816
485,802,1287
76,964,1040
414,559,973
510,697,1207
871,892,1763
242,189,431
654,880,1534
765,442,1207
125,38,163
86,182,268
520,373,893
736,280,1016
57,602,659
175,921,1096
344,470,814
814,828,1642
92,728,820
672,82,754
23,848,871
207,475,682
526,205,731
997,992,1989
834,337,1171
662,601,1263
856,477,1333
15,478,493
236,750,986
637,845,1482
558,798,1356
693,636,1329
436,497,933
916,141,1057
96,106,202
534,676,1210
654,154,808
642,490,1132
754,966,1720
226,332,558
417,530,947
30,63,93
647,943,1590
600,387,987
278,193,471
401,685,1086
205,116,321
51,22,73
625,834,1459
448,417,865
11,298,309
980,281,1261
407,896,1303
305,964,1269
158,608,766
307,413,720
926,304,1230
52,334,386
605,781,1386
978,346,1324
602,436,1038
592,154,746
426,859,1285
813,796,1609
956,195,1151
621,20,641
259,74,333
131,894,1025
600,873,1473
79,844,923
428,533,961
414,995,1409
849,670,1519
263,408,671
432,890,1322
354,580,934
425,963,1388
324,829,1153
498,776,1274
975,319,1294
543,421,964
832,390,1222
242,532,774
277,39,316
876,730,1606
777,605,1382
258,647,905
71,777,848
414,254,668
615,983,1598
195,156,351
871,985,1856
997,434,1431
893,742,1635
82,897,979
256,957,1213
780,824,1604
762,196,958
3,817,820
673,973,1646
586,701,1287
918,222,1140
909,752,1661
673,235,908
785,102,887
270,793,1063
301,368,669
108,233,341
254,943,1197
486,513,999
484,433,917
863,363,1226
718,248,966
689,201,890
530,100,630
416,592,1008
254,188,442
847,858,1705
160,22,182
175,690,865
870,430,1300
475,296,771
33,69,102
772,650,1422
772,98,870
445,476,921
677,994,1671
740,63,803
895,790,1685
142,257,399
798,453,1251
248,903,1151
566,453,1019
789,664,1453
406,226,632
910,608,1518
720,750,1470
543,286,829
741,369,1110
52,141,193
718,335,1053
795,136,931
260,954,1214
527,664,1191
875,637,1512
551,110,661
541,184,725
323,281,604
284,413,697
748,257,1005
404,367,771
173,849,1022
454,975,1429
260,767,1027
191,657,848
635,48,683
876,579,1455
543,925,1468
749,295,1044
111,940,1051
525,90,615
607,769,1376
586,895,1481
593,942,1535
639,290,929
789,658,1447
720,224,944
918,840,1758
309,224,533
607,117,724
843,602,1445
421,943,1364
820,381,1201
206,914,1120
203,170,373
190,739,929
747,650,1397
310,566,876
140,47,187
615,375,990
88,754,842
144,110,254
87,670,757
900,63,963
602,768,1370
305,852,1157
507,830,1337
727,447,1174
129,138,267
708,546,1254
875,881,1756
839,909,1748
319,716,1035
661,856,1517
850,793,1643
425,684,1109
122,926,1048
912,502,1414
405,205,610
266,598,864
656,915,1571
475,349,824
848,985,1833
530,196,726
376,654,1030
350,985,1335
454,226,680
734,906,1640
116,313,429
410,25,435
378,781,1159
63,914,977
949,795,1744
648,237,885
853,921,1774
388,810,1198
458,506,964
484,908,1392
799,102,901
830,471,1301
38,398,436
816,300,1116
906,951,1857
51,916,967
17,854,871
248,320,568
83,84,167
709,34,743
428,413,841
932,858,1790
574,298,872
447,498,945
105,697,802
94,807,901
445,673,1118
949,936,1885
176,793,969
503,363,866
140,800,940
869,667,1536
54,789,843
123,969,1092
649,581,1230
740,116,856
807,918,1725
611,393,1004
757,317,1074
935,527,1462
687,195,882
663,829,1492
755,112,867
628,630,1258
571,336,907
426,105,531
930,280,1210
764,548,1312
248,561,809
693,279,972
964,804,1768
449,698,1147
368,177,545
280,187,467
56,728,784
568,906,1474
983,953,1936
86,675,761
690,43,733
96,248,344
963,354,1317
202,97,299
361,484,845
954,437,1391
744,120,864
534,131,665
507,746,1253
864,602,1466
296,605,901
86,605,691
983,18,1001
150,771,921
490,15,505
818,453,1271
824,988,1812
125,790,915
888,265,1153
552,770,1322
253,818,1071
931,102,1033
654,262,916
272,537,809
474,577,1051
239,215,454
282,894,1176
366,163,529
579,594,1173
622,453,1075
101,594,695
441,863,1304
235,853,1088
184,844,1028
893,623,1516
233,999,1232
312,201,513
764,287,1051
420,111,531
195,133,328
909,86,995
795,624,1419
683,433,1116
417,477,894
866,503,1369
918,952,1870
15,805,820
462,339,801
531,33,564
197,832,1029
811,670,1481
678,573,1251
821,618,1439
857,407,1264
588,171,759
446,795,1241
206,442,648
590,267,857
500,282,782
838,819,1657
34,199,233
385,455,840
112,839,951
627,539,1166
151,125,276
902,589,1491
66,206,272
948,931,1879
478,377,855
996,403,1399
246,348,594
203,314,517
425,676,1101
531,407,938
713,885,1598
264,186,450
330,248,578
537,889,1426
975,388,1363
217,397,614
100,31,131
899,517,1416
441,681,1122
456,99,555
815,838,1653
317,19,336
682,9,691
801,246,1047
119,849,968
140,456,596
247,706,953
941,994,1935
919,550,1469
490,880,1370
330,164,494
57,297,354
296,206,502
128,992,1120
92,783,875
933,54,987
614,374,988
620,478,1098
638,595,1233
650,224,874
310,666,976
268,361,629
902,751,1653
509,264,773
232,376,608
427,893,1320
882,399,1281
232,854,1086
26,846,872
579,115,694
846,935,1781
121,75,196
883,989,1872
105,832,937
784,712,1496
862,712,1574
734,978,1712
599,436,1035
170,95,265
872,693,1565
60,950,1010
950,958,1908
389,466,855
576,574,1150
486,464,950
10,538,548
444,843,1287
990,695,1685
42,448,490
376,43,419
640,19,659
707,305,1012
690,843,1533
236,13,249
140,397,537
184,659,843
377,869,1246
288,744,1032
307,921,1228
272,920,1192
566,94,660
885,505,1390
140,108,248
124,359,483
212,261,473
292,407,699
212,457,669
137,321,458
505,782,1287
749,715,1464
750,781,1531
638,937,1575
340,357,697
350,631,981
134,530,664
564,213,777
803,247,1050
162,543,705
755,859,1614
192,932,1124
563,523,1086
889,390,1279
174,362,536
180,557,737
502,348,850
560,260,820
418,892,1310
589,113,702
761,693,1454
564,466,1030
408,242,650
293,667,960
529,793,1322
815,946,1761
275,550,825
699,384,1083
989,725,1714
382,321,703
265,363,628
599,531,1130
637,654,1291
966,183,1149
210,412,622
550,581,1131
386,890,1276
465,418,883
269,860,1129
798,193,991
205,687,892
120,374,494
262,170,432
12,24,36
328,741,1069
584,463,1047
185,88,273
54,392,446
144,899,1043
577,692,1269
140,279,419
485,649,1134
675,736,1411
79,900,979
294,834,1128
826,863,1689
525,706,1231
872,150,1022
182,914,1096
325,150,475
406,769,1175
325,742,1067
764,333,1097
748,53,801
717,781,1498
348,333,681
839,116,955
651,112,763
357,182,539
127,579,706
135,373,508
161,240,401
147,809,956
128,58,186
359,951,1310
749,244,993
932,869,1801
200,301,501
12,522,534
256,13,269
835,580,1415
828,653,1481
245,363,608
336,327,663
377,192,569
912,953,1865
610,944,1554
805,626,1431
483,425,908
709,455,1164
59,314,373
483,413,896
158,559,717
263,476,739
299,481,780
528,382,910
157,48,205
447,727,1174
942,429,1371
125,786,911
928,136,1064
721,65,786
370,518,888
862,90,952
181,332,513
161,548,709
12,120,132
444,433,877
830,860,1690
57,345,402
949,258,1207
531,494,1025
295,870,1165
430,252,682
453,377,830
619,881,1500
339,774,1113
627,881,1508
607,968,1575
882,251,1133
87,401,488
320,275,595
848,727,1575
252,188,440
9,651,660
29,533,562
102,604,706
712,722,1434
591,670,1261
677,600,1277
325,879,1204
792,689,1481
787,770,1557
690,69,759
980,123,1103
495,884,1379
830,595,1425
889,920,1809
137,441,578
963,464,1427
229,697,926
321,287,608
650,604,1254
868,868,1736
837,984,1821
592,278,870
137,103,240
630,147,777
338,103,441
546,175,721
531,913,1444
116,557,673
115,938,1053
746,560,1306
943,89,1032
679,81,760
762,862,1624
330,111,441
645,395,1040
181,959,1140
555,65,620
814,279,1093
400,702,1102
41,702,743
646,841,1487
173,489,662
484,583,1067
310,396,706
722,267,989
526,711,1237
317,789,1106
199,363,562
19,935,954
646,502,1148
205,892,1097
569,320,889
928,960,1888
496,68,564
18,45,63
121,865,986
867,348,1215
99,846,945
578,495,1073
333,126,459
65,554,619
713,195,908
390,891,1281
912,791,1703
743,653,1396
71,203,274
255,222,477
51,564,615
127,821,948
273,817,1090
167,548,715
997,709,1706
287,702,989
502,229,731
928,630,1558
412,400,812
292,895,1187
316,748,1064
307,468,775
992,88,1080
581,999,1580
72,602,674
9,242,251
143,195,338
708,999,1707
167,482,649
58,878,936
269,322,591
587,310,897
565,233,798
171,584,755
670,419,1089
859,233,1092
311,553,864
459,296,755
401,512,913
33,359,392
150,923,1073
952,652,1604
807,241,1048
327,263,590
770,905,1675
952,21,973
363,387,750
762,661,1423
149,122,271
113,277,390
815,354,1169
579,769,1348
563,45,608
421,864,1285
289,834,1123
37,989,1026
491,151,642
673,794,1467
992,353,1345
343,351,694
924,269,1193
241,732,973
195,771,966
770,796,1566
455,566,1021
312,669,981
962,891,1853
517,362,879
884,399,1283
979,572,1551
296,623,919
993,747,1740
774,965,1739
288,559,847
71,108,179
107,861,968
508,946,1454
968,751,1719
216,978,1194
170,995,1165
40,800,840
461,888,1349
873,977,1850
358,996,1354
21,703,724
196,230,426
476,382,858
305,736,1041
1,133,134
70,820,890
876,372,1248
430,90,520
892,428,1320
145,835,980
677,874,1551
869,258,1127
897,644,1541
414,832,1246
894,952,1846
885,271,1156
713,699,1412
760,567,1327
107,821,928
568,146,714
660,645,1305
141,770,911
231,157,388
556,908,1464
694,159,853
414,125,539
323,155,478
340,759,1099
635,628,1263
181,635,816
316,860,1176
247,367,614
364,423,787
909,309,1218
818,271,1089
396,766,1162
942,545,1487
392,64,456
565,408,973
984,666,1650
993,271,1264
804,713,1517
649,392,1041
447,568,1015
75,564,639
369,60,429
375,651,1026
182,434,616
401,482,883
424,565,989
919,498,1417
616,934,1550
881,564,1445
620,446,1066
421,991,1412
294,266,560
384,790,1174
526,845,1371
364,631,995
778,489,1267
395,368,763
843,320,1163
910,541,1451
277,92,369
277,721,998
517,750,1267
265,26,291
994,900,1894
146,690,836
725,520,1245
470,433,903
497,91,588
670,842,1512
569,144,713
176,953,1129
941,713,1654
843,292,1135
533,613,1146
684,773,1457
610,464,1074
320,748,1068
843,731,1574
438,72,510
553,838,1391
767,662,1429
877,666,1543
248,623,871
706,481,1187
894,870,1764
647,350,997
711,773,1484
110,539,649
948,403,1351
981,520,1501
207,95,302
396,753,1149
618,46,664
334,66,400
620,421,1041
147,204,351
589,713,1302
112,298,410
568,112,680
546,288,834
69,768,837
486,211,697
585,423,1008
114,996,1110
308,533,841
701,195,896
583,831,1414
536,153,689
533,983,1516
979,235,1214
134,984,1118
671,916,1587
325,414,739
286,352,638
447,570,1017
69,403,472
716,313,1029
462,69,531
608,63,671
91,289,380
933,462,1395
483,851,1334
460,401,861
967,607,1574
444,102,546
729,591,1320
655,628,1283
587,500,1087
93,454,547
874,57,931
786,102,888
779,367,1146
474,488,962
435,735,1170
20,265,285
949,466,1415
459,620,1079
60,617,677
616,53,669
931,159,1090
186,987,1173
359,276,635
271,668,939
553,379,932
877,60,937
417,205,622
511,241,752
828,942,1770
733,5,738
820,27,847
40,452,492
546,811,1357
803,45,848
881,789,1670
704,205,909
846,181,1027
939,692,1631
159,144,303
190,778,968
147,315,462
138,368,506
811,800,1611
377,873,1250
489,980,1469
979,54,1033
453,79,532
924,493,1417
36,97,133
51,765,816
207,459,666
961,264,1225
3,936,939
315,540,855
285,366,651
78,642,720
507,236,743
595,746,1341
586,742,1328
398,864,1262
528,986,1514
629,955,1584
198,423,621
381,859,1240
803,431,1234
819,3,822
708,730,1438
237,485,722
474,313,787
679,970,1649
69,290,359
126,344,470
353,719,1072
134,279,413
596,866,1462
322,859,1181
65,995,1060
461,422,883
702,582,1284
376,245,621
803,869,1672
352,178,530
241,152,393
434,381,815
60,222,282
780,700,1480
790,13,803
125,993,1118
768,65,833
742,315,1057
806,80,886
203,455,658
535,124,659
243,166,409
625,588,1213
293,584,877
49,533,582
824,328,1152
666,860,1526
833,87,920
550,9,559
206,484,690
512,325,837
565,659,1224
773,203,976
388,850,1238
122,822,944
536,492,1028
621,198,819
616,245,861
977,658,1635
222,980,1202
978,252,1230
534,248,782
837,313,1150
138,831,969
797,717,1514
93,602,695
429,551,980
713,584,1297
267,692,959
885,644,1529
971,388,1359
52,41,93
357,879,1236
569,492,1061
194,276,470
313,950,1263
79,216,295
482,940,1422
369,240,609
296,245,541
858,75,933
996,456,1452
384,269,653
505,608,1113
832,859,1691
674,171,845
336,926,1262
961,582,1543
323,360,683
345,784,1129
490,864,1354
774,212,986
724,313,1037
34,852,886
842,726,1568
938,576,1514
592,943,1535
28,409,437
570,935,1505
974,372,1346
540,465,1005
219,649,868
638,137,775
35,737,772
171,967,1138
907,70,977
546,485,1031
337,457,794
5,953,958
17,778,795
765,960,1725
60,179,239
933,283,1216
982,399,1381
243,953,1196
983,239,1222
616,308,924
35,668,703
23,879,902
227,359,586
80,434,514
881,88,969
823,937,1760
716,721,1437
735,629,1364
213,906,1119
694,684,1378
652,143,795
355,146,501
29,275,304
144,156,300
843,606,1449
95,326,421
363,730,1093
107,436,543
780,10,790
465,378,843
734,385,1119
783,23,806
989,379,1368
327,766,1093
829,875,1704
263,357,620
264,875,1139
353,246,599
536,808,1344
877,504,1381
598,666,1264
150,834,984
36,766,802
222,661,883
904,76,980
893,207,1100
801,125,926
446,226,672
161,671,832
245,268,513
528,702,1230
643,878,1521
705,69,774
690,209,899
657,143,800
359,975,1334
340,933,1273
532,703,1235
283,635,918
973,905,1878
549,729,1278
584,292,876
261,665,926
829,580,1409
780,406,1186
53,983,1036
123,182,305
497,267,764
525,349,874
719,936,1655
653,883,1536
295,715,1010
290,853,1143
334,715,1049
471,431,902
175,921,1096
683,55,738
771,697,1468
608,538,1146
472,638,1110
403,878,1281
437,745,1182
998,47,1045
131,211,342
712,668,1380
653,911,1564
50,303,353
531,964,1495
759,273,1032
879,393,1272
345,596,941
558,874,1432
45,571,616
737,583,1320
887,380,1267
267,988,1255
242,135,377
708,517,1225
453,939,1392
564,216,780
540,784,1324
877,758,1635
732,586,1318
719,446,1165
423,723,1146
852,647,1499
846,890,1736
584,315,899
331,211,542
971,219,1190
493,923,1416
46,800,846
185,542,727
19,179,198
549,473,1022
84,253,337
664,438,1102
979,203,1182
396,89,485
456,51,507
355,312,667
813,819,1632
239,250,489
789,618,1407
506,127,633
809,70,879
984,925,1909
398,43,441
204,627,831
14,783,797
327,741,1068
251,888,1139
28,945,973
200,762,962
288,221,509
165,435,600
635,812,1447
252,17,269
782,224,1006
649,719,1368
503,2,505
67,275,342
68,568,636
717,931,1648
712,213,925
552,95,647
163,370,533
402,841,1243
825,871,1696
501,292,793
334,576,910
506,379,885
268,251,519
310,66,376
513,597,1110
362,944,1306
700,736,1436
705,891,1596
175,142,317
773,844,1617
109,449,558
461,562,1023
254,560,814
328,190,518
626,867,1493
996,311,1307
742,510,1252
827,43,870
816,822,1638
937,69,1006
129,906,1035
515,319,834
808,841,1649
125,836,961
769,944,1713
739,743,1482
472,341,813
523,13,536
18,0,18
331,77,408
429,541,970
964,207,1171
967,760,1727
318,315,633
300,181,481
902,648,1550
976,548,1524
274,200,474
680,208,888
802,742,1544
312,707,1019
692,543,1235
127,751,878
900,614,1514
162,130,292
74,791,865
184,161,345
391,337,728
341,994,1335
610,639,1249
142,132,274
783,448,1231
874,110,984
699,310,1009
518,918,1436
121,603,724
120,5,125
794,631,1425
199,501,700
12,827,839
334,231,565
356,698,1054
135,126,261
78,114,192
59,13,72
354,160,514
485,122,607
813,177,990
118,816,934
565,832,1397
110,294,404
979,126,1105
688,950,1638
756,938,1694
334,760,1094
107,413,520
580,85,665
777,59,836
330,355,685
705,975,1680
61,229,290
430,40,470
133,375,508
663,618,1281
89,245,334
221,775,996
529,529,1058
573,204,777
687,36,723
400,966,1366
610,31,641
288,27,315
418,520,938
333,377,710
624,534,1158
523,719,1242
288,273,561
154,382,536
143,72,215
277,378,655
91,910,1001
33,181,214
988,395,1383
491,737,1228
756,272,1028
591,254,845
792,605,1397
467,719,1186
260,563,823
518,58,576
751,47,798
975,383,1358
410,74,484
15,313,328
162,572,734
950,915,1865
421,741,1162
606,444,1050
883,350,1233
651,505,1156
448,765,1213
879,861,1740
357,174,531
633,922,1555
284,193,477
771,49,820
731,458,1189
7,225,232
778,11,789
175,136,311
860,579,1439
754,694,1448
711,999,1710
55,693,748
550,624,1174
418,308,726
110,497,607
795,970,1765
247,86,333
966,169,1135
282,229,511
296,277,573
329,555,884
640,557,1197
588,545,1133
131,757,888
736,802,1538
994,808,1802
651,641,1292
751,587,1338
861,3,864
278,130,408
333,177,510
342,584,926
618,411,1029
532,821,1353
52,478,530
625,342,967
28,232,260
388,394,782
797,195,992
892,76,968
135,913,1048
36,110,146
917,36,953
629,858,1487
258,941,1199
848,446,1294
538,910,1448
945,129,1074
129,936,1065
398,320,718
680,25,705
488,233,721
583,384,967
680,760,1440
136,792,928
706,745,1451
119,487,606
616,8,624
112,277,389
20,792,812
974,548,1522
479,941,1420
545,32,577
624,51,675
327,183,510
791,778,1569
351,188,539
605,135,740
975,244,1219
316,500,816
641,610,1251
164,796,960
382,814,1196
372,235,607
671,807,1478
914,17,931
971,268,1239
23,718,741
523,48,571
73,935,1008
783,155,938
300,442,742
430,457,887
793,280,1073
348,793,1141
316,257,573
665,306,971
140,709,849
612,437,1049
392,18,410
752,975,1727
925,491,1416
740,391,1131
941,641,1582
814,649,1463
882,275,1157
731,838,1569
958,607,1565
335,291,626
891,717,1608
551,279,830
682,899,1581
405,960,1365
586,653,1239
198,865,1063
39,794,833
859,760,1619
298,152,450
276,449,725
902,913,1815
490,748,1238
120,313,433
630,487,1117
239,333,572
589,498,1087
157,496,653
823,694,1517
711,443,1154
965,627,1592
1,475,476
116,756,872
839,194,1033
506,536,1042
306,910,1216
605,423,1028
349,496,845
555,605,1160
41,916,957
296,205,501
609,161,770
303,365,668
460,161,621
800,123,923
290,735,1025
549,148,697
134,56,190
879,35,914
786,413,1199
585,199,784
785,961,1746
311,746,1057
954,973,1927
370,700,1070
75,758,833
420,139,559
31,799,830
398,729,1127
668,910,1578
362,496,858
720,5,725
472,945,1417
766,913,1679
398,569,967
584,159,743
585,985,1570
863,812,1675
704,581,1285
928,668,1596
885,519,1404
518,222,740
512,937,1449
437,106,543
495,94,589
829,467,1296
119,920,1039
3,682,685
123,99,222
539,117,656
33,89,122
87,388,475
301,968,1269
628,756,1384
195,915,1110
418,769,1187
113,405,518
598,545,1143
447,15,462
122,637,759
238,380,618
97,906,1003
277,548,825
593,325,918
961,174,1135
527,751,1278
253,288,541
747,70,817
822,843,1665
391,129,520
173,848,1021
709,867,1576
412,785,1197
963,600,1563
452,254,706
720,595,1315
251,192,443
495,15,510
562,687,1249
473,675,1148
572,160,732
626,668,1294
334,516,850
315,162,477
735,213,948
929,503,1432
817,479,1296
398,465,863
450,763,1213
397,865,1262
257,675,932
26,489,515
989,765,1754
814,668,1482
477,369,846
621,469,1090
664,277,941
177,911,1088
335,251,586
822,362,1184
197,244,441
995,823,1818
663,238,901
940,493,1433
6,220,226
238,768,1006
72,584,656
197,214,411
542,677,1219
929,611,1540
83,955,1038
301,823,1124
981,444,1425
452,785,1237
216,72,288
175,205,380
126,629,755
89,946,1035
393,431,824
148,547,695
915,816,1731
47,784,831
907,743,1650
723,488,1211
995,137,1132
906,786,1692
216,308,524
965,242,1207
470,514,984
354,873,1227
947,52,999
788,442,1230
717,546,1263
634,112,746
138,458,596
42,291,333
552,102,654
230,622,852
265,6,271
178,312,490
244,838,1082
223,633,856
898,988,1886
291,608,899
898,328,1226
140,647,787
159,593,752
403,875,1278
775,318,1093
765,418,1183
880,62,942
571,375,946
518,956,1474
260,799,1059
197,465,662
214,515,729
35,580,615
874,841,1715
613,844,1457
173,180,353
230,128,358
775,404,1179
775,142,917
731,55,786
868,369,1237
441,628,1069
419,169,588
684,396,1080
993,389,1382
398,723,1121
665,900,1565
39,374,413
770,324,1094
241,749,990
542,361,903
955,469,1424
903,333,1236
371,660,1031
416,951,1367
610,642,1252
691,231,922
277,401,678
604,873,1477
516,100,616
814,517,1331
469,655,1124
503,545,1048
390,774,1164
329,845,1174
946,323,1269
572,27,599
187,264,451
994,45,1039
151,670,821
498,5,503
348,795,1143
600,40,640
833,160,993
776,812,1588
206,282,488
443,443,886
997,720,1717
843,479,1322
284,731,1015
583,206,789
251,682,933
84,973,1057
909,892,1801
535,170,705
527,101,628
164,290,454
672,937,1609
412,315,727
539,174,713
301,983,1284
97,1,98
51,171,222
789,792,1581
774,513,1287
407,0,407
193,120,313
114,623,737
715,526,1241
779,83,862
115,17,132
232,470,702
683,686,1369
187,899,1086
286,275,561
380,988,1368
436,579,1015
278,215,493
328,721,1049
937,56,993
412,785,1197
341,618,959
281,419,700
362,195,557
885,191,1076
401,970,1371
677,684,1361
673,954,1627
555,56,611
713,828,1541
280,567,847
597,311,908
811,432,1243
406,194,600
376,414,790
700,835,1535
968,877,1845
152,736,888
516,930,1446
748,873,1621
360,543,903
634,14,648
58,370,428
896,51,947
632,177,809
425,543,968
896,169,1065
107,426,533
745,59,804
701,497,1198
853,57,910
354,91,445
419,283,702
418,680,1098
627,65,692
433,917,1350
27,263,290
452,441,893
437,201,638
764,40,804
620,258,878
925,118,1043
156,130,286
254,280,534
705,197,902
720,153,873
422,88,510
537,730,1267
161,589,750
855,238,1093
822,507,1329
765,314,1079
563,134,697
711,27,738
451,221,672
983,208,1191
200,843,1043
600,147,747
256,437,693
672,975,1647
811,959,1770
961,834,1795
507,306,813
509,787,1296
722,549,1271
749,6,755
621,426,1047
803,677,1480
511,681,1192
601,44,645
377,826,1203
913,299,1212
108,779,887
646,733,1379
817,579,1396
544,90,634
493,558,1051
229,243,472
370,340,710
407,778,1185
847,236,1083
971,558,1529
809,989,1798
507,922,1429
233,198,431
973,111,1084
80,673,753
584,941,1525
417,932,1349
973,193,1166
909,876,1785
236,912,1148
693,654,1347
604,897,1501
790,365,1155
606,7,613
263,9,272
902,162,1064
851,819,1670
622,208,830
99,345,444
960,825,1785
387,932,1319
439,474,913
723,490,1213
676,918,1594
652,314,966
351,328,679
864,408,1272
276,324,600
255,863,1118
495,721,1216
275,472,747
670,391,1061
763,819,1582
328,724,1052
701,817,1518
711,621,1332
738,369,1107
477,915,1392
728,750,1478
197,181,378
559,810,1369
129,934,1063
189,497,686
388,760,1148
211,396,607
998,270,1268
972,2,974
623,892,1515
537,687,1224
866,143,1009
319,988,1307
512,670,1182
713,383,1096
652,598,1250
272,100,372
854,11,865
699,579,1278
205,518,723
272,454,726
117,250,367
968,635,1603
491,933,1424
152,75,227
135,752,887
411,533,944
721,610,1331
416,81,497
630,695,1325
289,7,296
642,1,643
704,533,1237
115,197,312
461,73,534
756,209,965
278,663,941
728,367,1095
641,213,854
60,619,679
766,117,883
163,130,293
495,727,1222
752,122,874
662,114,776
635,511,1146
908,31,939
699,969,1668
22,672,694
299,102,401
245,824,1069
263,122,385
247,410,657
80,850,930
106,593,699
329,123,452
188,45,233
276,324,600
157,939,1096
362,907,1269
797,505,1302
27,957,984
45,68,113
624,754,1378
585,133,718
541,599,1140
148,223,371
24,833,857
395,678,1073
481,287,768
591,532,1123
450,345,795
221,754,975
191,231,422
802,508,1310
684,590,1274
348,313,661
381,601,982
85,643,728
532,124,656
762,342,1104
614,500,1114
36,408,444
918,216,1134
119,273,392
140,932,1072
50,789,839
671,949,1620
222,978,1200
671,607,1278
34,931,965
359,295,654
856,661,1517
374,843,1217
352,681,1033
364,632,996
377,639,1016
186,527,713
773,184,957
4,977,981
413,832,1245
851,954,1805
885,901,1786
342,810,1152
593,226,819
517,427,944
75,507,582
33,34,67
629,792,1421
245,988,1233
737,917,1654
885,265,1150
870,578,1448
499,936,1435
308,53,361
344,90,434
151,162,313
576,108,684
745,125,870
895,513,1408
331,158,489
369,634,1003
325,728,1053
169,418,587
148,212,360
635,1,636
549,901,1450
170,292,462
701,526,1227
781,532,1313
835,657,1492
207,249,456
403,744,1147
430,519,949
132,450,582
698,966,1664
561,834,1395
830,75,905
289,685,974
531,899,1430
194,651,845
796,596,1392
738,85,823
353,571,924
696,830,1526
525,89,614
704,55,759
751,295,1046
735,459,1194
692,387,1079
302,792,1094
350,796,1146
404,73,477
797,551,1348
742,651,1393
709,683,1392
812,350,1162
60,376,436
931,889,1820
716,60,776
105,562,667
267,836,1103
305,330,635
382,985,1367
647,856,1503
878,541,1419
715,913,1628
778,408,1186
28,70,98
20,783,803
431,787,1218
890,158,1048
154,830,984
495,387,882
947,746,1693
328,13,341
809,744,1553
696,474,1170
587,739,1326
60,187,247
234,950,1184
548,878,1426
52,975,1027
680,199,879
125,627,752
357,160,517
478,452,930
577,637,1214
399,535,934
93,625,718
101,624,725
723,449,1172
885,718,1603
205,362,567
791,100,891
837,109,946
357,705,1062
950,750,1700
718,103,821
194,439,633
990,812,1802
641,134,775
575,248,823
38,563,601
218,470,688
734,930,1664
185,653,838
598,49,647
645,219,864
673,92,765
0,719,719
800,124,924
937,345,1282
230,494,724
597,690,1287
666,660,1326
156,761,917
649,61,710
342,138,480
439,200,639
956,341,1297
563,777,1340
873,955,1828
728,926,1654
83,426,509
198,13,211
222,898,1120
613,22,635
408,141,549
333,888,1221
504,27,531
552,746,1298
531,380,911
17,845,862
81,353,434
456,854,1310
417,248,665
825,493,1318
864,907,1771
568,57,625
509,52,561
167,881,1048
379,670,1049
992,534,1526
678,852,1530
980,104,1084
902,206,1108
358,410,768
870,140,1010
527,709,1236
515,538,1053
480,177,657
784,972,1756
723,260,983
299,351,650
65,271,336
293,987,1280
348,644,992
346,387,733
449,259,708
91,204,295
503,692,1195
990,996,1986
522,271,793
508,450,958
832,86,918
386,853,1239
583,585,1168
131,933,1064
584,999,1583
857,364,1221
996,572,1568
583,496,1079
137,210,347
996,818,1814
890,165,1055
427,604,1031
402,607,1009
35,449,484
152,60,212
282,583,865
551,481,1032
32,433,465
986,732,1718
965,640,1605
164,249,413
175,101,276
7,50,57
929,3,932
845,634,1479
491,255,746
973,707,1680
782,111,893
308,414,722
986,254,1240
486,985,1471
598,114,712
566,871,1437
541,266,807
114,442,556
531,928,1459
705,720,1425
999,157,1156
228,982,1210
797,72,869
553,948,1501
177,123,300
803,699,1502
136,986,1122
611,692,1303
997,701,1698
552,471,1023
509,473,982
177,822,999
44,326,370
930,89,1019
587,930,1517
679,708,1387
138,385,523
660,438,1098
647,402,1049
741,298,1039
380,24,404
219,732,951
500,855,1355
702,426,1128
597,2,599
121,612,733
566,648,1214
543,289,832
69,853,922
654,245,899
803,614,1417
406,609,1015
647,879,1526
601,844,1445
643,172,815
880,130,1010
261,837,1098
411,689,1100
279,439,718
410,678,1088
200,652,852
966,681,1647
412,337,749
605,735,1340
616,5,621
435,134,569
771,232,1003
325,951,1276
725,946,1671
245,509,754
248,528,776
248,448,696
655,102,757
740,726,1466
238,656,894
53,354,407
498,725,1223
919,165,1084
713,441,1154
640,491,1131
117,213,330
603,44,647
173,545,718
146,85,231
270,670,940
931,849,1780
124,274,398
118,849,967
103,164,267
968,290,1258
78,335,413
816,820,1636
319,313,632
177,866,1043
642,536,1178
189,139,328
776,7,783
329,662,991
450,558,1008
353,355,708
727,901,1628
57,618,675
713,172,885
904,961,1865
981,533,1514
839,217,1056
769,317,1086
448,350,798
135,533,668
955,5,960
29,940,969
418,362,780
131,661,792
850,573,1423
557,759,1316
797,990,1787
523,594,1117
423,313,736
880,307,1187
123,611,734
888,381,1269
962,147,1109
461,782,1243
569,333,902
765,205,970
781,460,1241
997,732,1729
61,791,852
505,419,924
460,534,994
827,834,1661
738,278,1016
537,120,657
193,348,541
245,299,544
524,455,979
559,42,601
677,695,1372
958,813,1771
348,143,491
605,129,734
169,955,1124
755,881,1636
723,523,1246
970,136,1106
121,973,1094
74,196,270
118,480,598
85,65,150
284,935,1219
433,223,656
753,1,754
982,90,1072
175,76,251
628,147,775
284,476,760
297,173,470
269,26,295
31,393,424
649,103,752
791,584,1375
18,638,656
719,963,1682
606,167,773
253,68,321
199,837,1036
663,453,1116
132,394,526
883,604,1487
157,269,426
173,688,861
78,825,903
108,200,308
644,538,1182
264,777,1041
293,866,1159
361,348,709
729,496,1225
749,78,827
744,563,1307
847,499,1346
799,542,1341
111,758,869
344,757,1101
515,915,1430
923,464,1387
311,225,536
71,577,648
576,989,1565
162,2,164
461,844,1305
660,537,1197
858,377,1235
275,759,1034
183,602,785
340,178,518
57,725,782
871,782,1653
77,52,129
754,219,973
321,963,1284
606,713,1319
344,911,1255
445,449,894
258,99,357
112,481,593
61,195,256
912,132,1044
351,959,1310
118,532,650
775,345,1120
510,241,751
949,662,1611
246,436,682
946,795,1741
540,726,1266
232,280,512
447,13,460
825,606,1431
518,451,969
453,207,660
746,460,1206
991,269,1260
483,715,1198
856,66,922
306,326,632
107,559,666
680,827,1507
70,622,692
825,749,1574
904,648,1552
744,982,1726
166,238,404
787,340,1127
730,815,1545
952,455,1407
666,70,736
402,854,1256
372,262,634
412,621,1033
584,172,756
973,845,1818
210,680,890
75,717,792
110,566,676
221,722,943
75,195,270
768,681,1449
981,718,1699
434,838,1272
42,152,194
470,685,1155
434,629,1063
755,927,1682
213,707,920
346,680,1026
836,997,1833
624,838,1462
385,782,1167
522,507,1029
825,123,948
446,404,850
223,731,954
485,234,719
305,286,591
226,812,1038
752,836,1588
912,268,1180
71,754,825
109,33,142
900,133,1033
656,404,1060
471,60,531
110,367,477
270,76,346
537,272,809
60,693,753
568,328,896
827,601,1428
991,884,1875
824,305,1129
125,66,191
626,225,851
388,149,537
883,286,1169
457,836,1293
46,742,788
22,616,638
348,260,608
891,590,1481
198,728,926
937,616,1553
107,316,423
256,731,987
883,681,1564
253,70,323
991,43,1034
613,445,1058
683,398,1081
193,170,363
559,445,1004
898,549,1447
60,925,985
906,80,986
936,766,1702
937,576,1513
87,291,378
409,263,672
309,311,620
30,886,916
757,277,1034
80,756,836
105,323,428
6,86,92
33,764,797
857,970,1827
218,29,247
5,839,844
848,672,1520
778,508,1286
908,81,989
24,350,374
438,919,1357
818,459,1277
935,726,1661
643,659,1302
403,116,519
808,595,1403
130,559,689
149,185,334
706,343,1049
679,87,766
332,649,981
766,151,917
614,426,1040
905,476,1381
845,295,1140
159,229,388
555,305,860
118,823,941
172,787,959
823,631,1454
321,828,1149
454,629,1083
644,887,1531
701,703,1404
919,867,1786
963,109,1072
693,840,1533
6,200,206
928,885,1813
282,421,703
403,486,889
50,902,952
66,375,441
392,672,1064
52,73,125
603,808,1411
590,327,917
187,943,1130
167,310,477
787,843,1630
74,860,934
627,942,1569
724,291,1015
486,593,1079
698,154,852
246,970,1216
479,917,1396
676,490,1166
569,516,1085
350,101,451
653,803,1456
768,622,1390
717,945,1662
783,58,841
156,467,623
329,509,838
427,642,1069
459,63,522
158,395,553
591,285,876
244,955,1199
749,137,886
832,325,1157
424,864,1288
481,257,738
423,883,1306
585,182,767
601,72,673
230,996,1226
929,37,966
103,783,886
743,83,826
761,556,1317
852,184,1036
957,972,1929
648,386,1034
496,804,1300
846,312,1158
570,821,1391
168,771,939
463,912,1375
673,242,915
235,507,742
646,593,1239
398,376,774
45,88,133
26,384,410
867,796,1663
69,706,775
50,536,586
967,829,1796
454,813,1267
516,344,860
891,703,1594
393,120,513
251,37,288
708,416,1124
159,424,583
353,53,406
545,531,1076
621,270,891
361,58,419
478,740,1218
80,855,935
636,859,1495
886,558,1444
683,39,722
726,529,1255
161,826,987
842,610,1452
81,578,659
740,38,778
462,919,1381
195,764,959
764,134,898
48,742,790
694,857,1551
890,113,1003
211,977,1188
343,592,935
591,824,1415
536,559,1095
958,608,1566
130,10,140
242,349,591
784,30,814
900,713,1613
286,546,832
808,763,1571
104,928,1032
106,134,240
720,156,876
567,163,730
503,498,1001
800,678,1478
142,25,167
834,609,1443
698,13,711
631,716,1347
29,834,863
708,325,1033
197,353,550
18,138,156
852,559,1411
66,919,985
1,655,656
566,863,1429
276,591,867
413,147,560
382,177,559
358,883,1241
533,36,569
350,234,584
115,381,496
550,205,755
950,366,1316
89,788,877
813,911,1724
179,159,338
654,496,1150
350,172,522
548,608,1156
639,605,1244
290,131,421
634,611,1245
293,572,865
46,504,550
126,381,507
590,298,888
79,798,877
272,232,504
928,69,997
125,647,772
1,220,221
296,260,556
754,727,1481
55,501,556
903,418,1321
150,99,249
833,866,1699
880,368,1248
122,520,642
635,750,1385
347,290,637
754,808,1562
160,169,329
258,923,1181
892,996,1888
902,117,1019
292,947,1239
19,937,956
132,888,1020
217,620,837
114,500,614
134,715,849
61,356,417
899,428,1327
608,387,995
947,83,1030
280,570,850
999,179,1178
583,304,887
772,388,1160
825,841,1666
330,361,691
369,89,458
154,798,952
795,750,1545
467,961,1428
677,205,882
517,595,1112
881,672,1553
741,91,832
77,707,784
397,78,475
379,108,487
143,726,869
205,49,254
846,574,1420
592,99,691
6,363,369
49,146,195
759,226,985
365,566,931
201,783,984
506,570,1076
835,446,1281
681,149,830
30,565,595
81,866,947
156,898,1054
948,110,1058
254,959,1213
340,895,1235
952,989,1941
93,16,109
7,891,898
975,246,1221
322,259,581
780,122,902
871,842,1713
297,949,1246
213,11,224
284,733,1017
136,651,787
399,219,618
716,418,1134
129,309,438
661,465,1126
479,544,1023
465,63,528
187,516,703
155,29,184
605,444,1049
424,892,1316
184,527,711
821,261,1082
593,343,936
547,204,751
10,259,269
932,792,1724
434,415,849
930,58,988
238,721,959
56,860,916
22,284,306
346,896,1242
272,330,602
640,305,945
618,664,1282
498,178,676
111,846,957
313,784,1097
154,361,515
349,956,1305
18,725,743
648,286,934
785,944,1729
775,371,1146
132,921,1053
205,823,1028
896,962,1858
468,112,580
439,971,1410
371,69,440
771,391,1162
399,333,732
377,514,891
424,113,537
908,478,1386
349,24,373
368,294,662
54,617,671
833,70,903
121,880,1001
80,245,325
114,523,637
990,267,1257
154,835,989
149,272,421
699,958,1657
567,269,836
526,280,806
556,490,1046
684,338,1022
984,899,1883
895,778,1673
908,533,1441
361,389,750
222,500,722
690,824,1514
499,134,633
544,873,1417
581,711,1292
878,747,1625
45,240,285
832,352,1184
580,751,1331
353,652,1005
502,923,1425
533,313,846
196,680,876
852,923,1775
525,435,960
800,592,1392
954,477,1431
652,196,848
504,411,915
183,774,957
56,352,408
426,779,1205
387,2,389
508,459,967
306,819,1125
255,25,280
498,998,1496
145,289,434
896,361,1257
338,825,1163
575,688,1263
975,800,1775
185,485,670
138,558,696
504,583,1087
501,438,939
752,681,1433
406,969,1375
123,613,736
610,391,1001
269,609,878
10,980,990
600,753,1353
985,202,1187
683,895,1578
248,456,704
464,553,1017
538,425,963
829,779,1608
550,214,764
624,846,1470
682,379,1061
330,358,688
106,799,905
197,246,443
254,26,280
652,352,1004
48,382,430
853,838,1691
916,417,1333
700,889,1589
798,437,1235
396,736,1132
421,918,1339
847,70,917
846,998,1844
112,147,259
550,798,1348
757,71,828
908,242,1150
75,224,299
209,424,633
419,481,900
809,841,1650
5,676,681
855,266,1121
878,204,1082
334,350,684
66,119,185
753,812,1565
562,352,914
941,724,1665
188,328,516
652,906,1558
784,550,1334
867,888,1755
430,704,1134
7,386,393
124,924,1048
521,724,1245
746,516,1262
981,888,1869
12,136,148
472,493,965
665,390,1055
570,862,1432
683,83,766
388,664,1052
84,904,988
394,367,761
66,397,463
495,876,1371
15,972,987
705,357,1062
239,75,314
921,199,1120
369,942,1311
416,87,503
55,485,540
375,571,946
910,963,1873
86,0,86
733,750,1483
406,391,797
537,874,1411
831,557,1388
658,716,1374
536,927,1463
675,737,1412
746,45,791
15,904,919
167,554,721
71,123,194
587,321,908
602,273,875
893,203,1096
371,421,792
149,261,410
765,315,1080
11,5,16
341,267,608
522,925,1447
561,820,1381
512,304,816
786,15,801
121,645,766
594,604,1198
366,874,1240
484,346,830
336,686,1022
499,851,1350
723,10,733
332,314,646
18,354,372
32,379,411
672,570,1242
990,974,1964
341,875,1216
691,179,870
85,398,483
351,785,1136
503,503,1006
597,484,1081
314,996,1310
526,812,1338
639,502,1141
782,978,1760
707,238,945
948,933,1881
679,730,1409
980,670,1650
686,221,907
682,705,1387
122,97,219
670,311,981
671,147,818
398,412,810
787,702,1489
476,262,738
734,594,1328
37,467,504
897,491,1388
174,688,862
79,446,525
584,254,838
55,929,984
486,477,963
913,783,1696
396,956,1352
280,709,989
777,326,1103
294,428,722
724,700,1424
414,69,483
120,801,921
392,332,724
281,525,806
96,112,208
231,674,905
211,2,213
59,546,605
867,431,1298
640,372,1012
361,383,744
525,649,1174
742,558,1300
989,936,1925
809,50,859
35,807,842
692,31,723
671,247,918
448,241,689
795,223,1018
923,632,1555
625,686,1311
971,359,1330
318,95,413
733,602,1335
263,674,937
632,630,1262
770,88,858
906,180,1086
978,373,1351
231,511,742
192,57,249
476,502,978
783,948,1731
353,847,1200
329,630,959
31,952,983
771,542,1313
952,891,1843
198,398,596
823,523,1346
247,627,874
120,698,818
257,943,1200
978,784,1762
339,740,1079
785,919,1704
121,867,988
214,701,915
39,18,57
445,393,838
318,913,1231
466,154,620
502,785,1287
409,380,789
259,913,1172
52,949,1001
601,692,1293
461,489,950
824,705,1529
99,195,294
122,951,1073
625,94,719
715,430,1145
796,941,1737
147,471,618
456,184,640
801,198,999
720,473,1193
704,445,1149
905,853,1758
782,192,974
592,985,1577
729,515,1244
769,286,1055
294,411,705
490,941,1431
72,837,909
897,28,925
725,377,1102
909,626,1535
562,798,1360
307,122,429
667,664,1331
856,341,1197
222,900,1122
539,309,848
523,193,716
862,311,1173
79,42,121
22,277,299
217,833,1050
994,45,1039
47,890,937
663,582,1245
686,60,746
712,240,952
955,740,1695
877,666,1543
122,381,503
942,865,1807
200,590,790
948,107,1055
356,286,642
957,409,1366
939,59,998
356,763,1119
230,430,660
397,844,1241
683,712,1395
470,326,796
534,833,1367
596,241,837
875,996,1871
475,428,903
660,425,1085
362,532,894
413,979,1392
16,413,429
363,812,1175
518,200,718
694,90,784
488,782,1270
373,100,473
680,105,785
473,50,523
980,74,1054
479,995,1474
220,361,581
328,779,1107
142,860,1002
805,739,1544
942,950,1892
353,663,1016
458,30,488
138,502,640
360,981,1341
681,87,768
828,175,1003
442,243,685
348,201,549
772,177,949
173,479,652
140,945,1085
570,200,770
514,386,900
803,982,1785
509,534,1043
617,442,1059
214,814,1028
157,687,844
413,643,1056
637,181,818
508,175,683
952,318,1270
250,245,495
407,553,960
212,585,797
219,73,292
781,524,1305
634,170,804
284,946,1230
182,766,948
718,333,1051
334,681,1015
10,274,284
214,843,1057
92,774,866
785,489,1274
130,254,384
679,68,747
299,429,728
532,726,1258
514,471,985
221,531,752
992,194,1186
699,527,1226
830,446,1276
345,852,1197
679,220,899
19,718,737
98,557,655
184,962,1146
39,377,416
563,98,661
731,918,1649
757,12,769
415,427,842
787,94,881
642,754,1396
734,101,835
930,116,1046
132,411,543
287,165,452
708,177,885
149,507,656
923,550,1473
124,483,607
482,211,693
310,360,670
864,101,965
426,565,991
694,245,939
356,225,581
856,978,1834
489,483,972
621,316,937
843,868,1711
970,20,990
420,694,1114
684,88,772
478,148,626
293,959,1252
75,842,917
101,183,284
617,803,1420
592,492,1084
816,709,1525
441,431,872
808,480,1288
422,638,1060
391,856,1247
319,623,942
308,900,1208
716,349,1065
395,794,1189
898,24,922
793,459,1252
155,408,563
202,176,378
89,132,221
53,736,789
142,959,1101
13,520,533
70,372,442
611,720,1331
721,975,1696
559,62,621
372,658,1030
778,306,1084
486,417,903
686,215,901
622,10,632
973,826,1799
703,198,901
574,165,739
413,947,1360
229,469,698
718,730,1448
59,618,677
211,682,893
622,504,1126
688,806,1494
953,529,1482
107,352,459
442,964,1406
107,33,140
682,517,1199
448,253,701
629,952,1581
119,969,1088
850,528,1378
487,286,773
468,600,1068
734,296,1030
202,936,1138
219,45,264
196,103,299
248,400,648
181,271,452
228,264,492
180,786,966
221,492,713
346,12,358
185,787,972
974,772,1746
450,987,1437
815,108,923
374,936,1310
310,269,579
791,337,1128
908,946,1854
446,850,1296
405,956,1361
977,681,1658
668,987,1655
972,409,1381
193,316,509
901,364,1265
910,715,1625
127,273,400
874,335,1209
22,386,408
612,336,948
857,479,1336
29,170,199
322,398,720
429,145,574
488,998,1486
414,737,1151
745,2,747
851,71,922
420,828,1248
628,873,1501
9,905,914
13,135,148
604,617,1221
654,61,715
295,86,381
201,748,949
930,617,1547
790,836,1626
190,26,216
148,460,608
901,253,1154
218,879,1097
923,811,1734
196,745,941
681,9,690
869,352,1221
442,856,1298
589,294,883
957,311,1268
40,727,767
758,71,829
414,788,1202
967,752,1719
839,459,1298
562,380,942
194,308,502
578,852,1430
52,161,213
0,437,437
845,672,1517
288,84,372
73,831,904
339,558,897
242,711,953
890,45,935
11,210,221
504,448,952
502,662,1164
540,702,1242
728,321,1049
446,862,1308
384,684,1068
412,51,463
166,664,830
674,583,1257
875,252,1127
493,618,1111
511,991,1502
757,693,1450
133,339,472
402,917,1319
546,674,1220
96,839,935
94,324,418
962,781,1743
749,164,913
409,422,831
202,608,810
608,827,1435
384,192,576
838,99,937
382,294,676
319,241,560
914,868,1782
597,29,626
72,972,1044
719,970,1689
665,274,939
93,159,252
376,28,404
197,636,833
609,953,1562
446,376,822
692,183,875
834,849,1683
357,483,840
33,846,879
876,976,1852
154,746,900
948,246,1194
976,639,1615
466,118,584
647,358,1005
909,967,1876
343,128,471
887,681,1568
723,935,1658
290,689,979
50,660,710
709,124,833
948,767,1715
852,425,1277
592,887,1479
892,670,1562
795,470,1265
655,937,1592
978,900,1878
746,820,1566
490,888,1378
603,484,1087
820,216,1036
594,313,907
916,104,1020
293,552,845
888,767,1655
554,102,656
695,212,907
662,173,835
430,575,1005
336,631,967
96,835,931
465,845,1310
858,653,1511
688,136,824
269,966,1235
418,585,1003
923,989,1912
76,970,1046
918,819,1737
991,841,1832
474,355,829
447,786,1233
802,977,1779
92,135,227
861,529,1390
681,473,1154
337,276,613
558,972,1530
938,868,1806
363,329,692
775,665,1440
589,7,596
211,27,238
85,510,595
19,695,714
612,261,873
589,27,616
268,729,997
99,613,712
833,410,1243
418,165,583
307,726,1033
783,642,1425
653,832,1485
168,976,1144
816,333,1149
899,947,1846
373,166,539
607,42,649
856,756,1612
58,665,723
677,663,1340
979,446,1425
285,988,1273
624,221,845
850,635,1485
366,178,544
287,726,1013
902,447,1349
333,540,873
765,270,1035
989,628,1617
984,201,1185
726,308,1034
6,189,195
38,759,797
377,879,1256
513,334,847
580,973,1553
860,78,938
738,97,835
517,181,698
670,734,1404
122,523,645
877,702,1579
635,304,939
285,489,774
41,333,374
295,465,760
181,701,882
849,574,1423
31,757,788
347,138,485
382,122,504
878,237,1115
921,50,971
265,15,280
147,587,734
233,158,391
170,814,984
936,704,1640
0,247,247
202,335,537
163,989,1152
779,537,1316
128,896,1024
468,229,697
775,300,1075
441,470,911
771,387,1158
367,383,750
361,599,960
999,545,1544
175,292,467
380,89,469
245,104,349
772,832,1604
785,740,1525
335,174,509
50,815,865
612,293,905
812,382,1194
427,327,754
85,47,132
239,832,1071
34,300,334
356,814,1170
281,148,429
53,306,359
97,109,206
97,180,277
624,430,1054
729,26,755
363,155,518
299,749,1048
39,82,121
232,932,1164
715,655,1370
716,661,1377
234,720,954
595,835,1430
167,36,203
564,82,646
263,822,1085
649,94,743
452,326,778
298,203,501
530,682,1212
405,212,617
485,719,1204
605,293,898
216,539,755
100,411,511
895,564,1459
230,352,582
922,292,1214
631,870,1501
843,464,1307
945,514,1459
749,748,1497
675,114,789
327,148,475
385,96,481
883,779,1662
465,766,1231
729,764,1493
767,870,1637
685,166,851
492,846,1338
675,346,1021
24,657,681
592,541,1133
780,4,784
894,165,1059
330,707,1037
566,737,1303
201,993,1194
737,714,1451
48,150,198
874,65,939
985,22,1007
668,948,1616
420,688,1108
342,288,630
316,100,416
840,171,1011
74,559,633
562,267,829
781,277,1058
395,922,1317
720,839,1559
349,679,1028
238,126,364
361,946,1307
709,691,1400
363,453,816
620,812,1432
708,860,1568
484,837,1321
885,567,1452
625,630,1255
854,735,1589
329,484,813
455,44,499
541,848,1389
388,493,881
122,47,169
248,649,897
121,243,364
201,997,1198
494,27,521
187,924,1111
763,869,1632
944,286,1230
229,556,785
863,87,950
632,550,1182
327,451,778
320,550,870
913,558,1471
832,188,1020
821,358,1179
897,602,1499
698,610,1308
247,883,1130
596,502,1098
946,280,1226
346,301,647
206,401,607
634,507,1141
82,301,383
694,86,780
915,681,1596
602,465,1067
186,670,856
624,319,943
211,511,722
451,383,834
670,419,1089
909,158,1067
588,442,1030
522,552,1074
575,749,1324
53,498,551
624,718,1342
885,578,1463
485,513,998
591,388,979
636,939,1575
769,99,868
167,110,277
55,866,921
801,962,1763
965,645,1610
338,847,1185
411,437,848
899,908,1807
839,703,1542
586,273,859
933,241,1174
768,589,1357
223,89,312
875,288,1163
409,759,1168
119,720,839
317,911,1228
359,815,1174
567,839,1406
231,976,1207
17,993,1010
988,626,1614
350,257,607
868,303,1171
786,607,1393
688,186,874
512,2,514
6,354,360
329,838,1167
928,702,1630
849,179,1028
79,721,800
472,329,801
157,449,606
571,303,874
188,838,1026
63,634,697
420,974,1394
321,323,644
643,870,1513
368,232,600
613,909,1522
538,170,708
285,40,325
878,180,1058
163,957,1120
70,420,490
336,349,685
96,845,941
615,856,1471
917,310,1227
182,471,653
555,912,1467
530,572,1102
574,535,1109
878,478,1356
814,985,1799
229,898,1127
128,472,600
282,164,446
612,785,1397
895,252,1147
162,284,446
716,168,884
410,597,1007
281,278,559
98,510,608
85,383,468
497,468,965
530,648,1178
925,278,1203
866,361,1227
530,18,548
533,960,1493
518,976,1494
407,622,1029
423,992,1415
898,493,1391
48,38,86
273,702,975
427,514,941
615,951,1566
571,344,915
761,773,1534
274,929,1203
655,223,878
991,38,1029
860,512,1372
84,473,557
91,401,492
162,773,935
388,616,1004
822,782,1604
989,872,1861
377,187,564
27,413,440
470,904,1374
464,920,1384
819,585,1404
764,815,1579
375,106,481
345,321,666
550,80,630
537,896,1433
908,599,1507
546,176,722
697,130,827
915,999,1914
772,150,922
569,454,1023
171,756,927
732,140,872
918,822,1740
503,811,1314
424,993,1417
200,392,592
35,907,942
307,482,789
262,425,687
375,43,418
590,211,801
900,653,1553
250,524,774
729,757,1486
303,158,461
533,180,713
835,984,1819
243,759,1002
238,146,384
616,158,774
633,651,1284
986,699,1685
726,724,1450
368,954,1322
775,652,1427
682,495,1177
866,683,1549
160,843,1003
820,752,1572
597,327,924
911,755,1666
972,196,1168
633,735,1368
682,682,1364
16,698,714
535,497,1032
820,190,1010
879,282,1161
844,983,1827
594,768,1362
550,553,1103
753,304,1057
802,760,1562
669,79,748
200,962,1162
654,151,805
856,724,1580
911,296,1207
8,816,824
925,590,1515
500,226,726
603,552,1155
127,650,777
506,356,862
642,292,934
700,836,1536
281,46,327
174,632,806
283,224,507
33,232,265
157,323,480
56,468,524
637,106,743
661,958,1619
656,557,1213
122,587,709
626,739,1365
362,17,379
934,141,1075
658,406,1064
730,157,887
78,980,1058
864,793,1657
84,754,838
849,79,928
96,210,306
836,649,1485
923,177,1100
851,248,1099
930,885,1815
948,216,1164
346,532,878
845,613,1458
208,210,418
837,531,1368
917,326,1243
73,187,260
367,73,440
582,133,715
727,59,786
198,511,709
337,736,1073
449,196,645
25,313,338
767,823,1590
61,191,252
974,598,1572
376,59,435
276,377,653
577,347,924
114,741,855
120,761,881
649,352,1001
176,646,822
60,357,417
475,675,1150
568,259,827
372,36,408
720,950,1670
179,640,819
28,536,564
871,384,1255
156,416,572
490,440,930
22,369,391
709,690,1399
782,427,1209
63,120,183
278,873,1151
31,230,261
886,472,1358
955,133,1088
517,620,1137
151,640,791
41,619,660
574,874,1448
603,493,1096
787,744,1531
183,224,407
91,139,230
977,848,1825
418,657,1075
703,214,917
248,983,1231
219,628,847
719,846,1565
222,552,774
807,761,1568
355,192,547
313,280,593
53,570,623
44,244,288
593,480,1073
247,443,690
433,892,1325
955,693,1648
441,675,1116
437,926,1363
389,916,1305
363,601,964
577,338,915
671,246,917
162,339,501
860,579,1439
54,618,672
230,891,1121
583,132,715
347,886,1233
715,53,768
456,43,499
204,719,923
986,247,1233
717,207,924
240,643,883
616,477,1093
610,873,1483
687,959,1646
750,372,1122
975,546,1521
571,29,600
76,788,864
211,739,950
949,832,1781
376,450,826
125,832,957
495,195,690
958,90,1048
435,410,845
99,63,162
544,0,544
30,588,618
914,20,934
134,181,315
790,813,1603
274,780,1054
497,805,1302
815,696,1511
291,433,724
953,699,1652
919,842,1761
630,888,1518
893,203,1096
45,435,480
802,423,1225
147,145,292
653,842,1495
505,213,718
429,774,1203
138,756,894
757,524,1281
868,814,1682
952,698,1650
187,756,943
193,261,454
85,323,408
765,517,1282
215,65,280
430,454,884
275,440,715
820,349,1169
897,208,1105
627,53,680
695,726,1421
590,119,709
571,324,895
579,434,1013
874,676,1550
774,220,994
125,122,247
435,275,710
489,781,1270
949,805,1754
327,849,1176
990,906,1896
493,587,1080
848,898,1746
294,744,1038
187,88,275
402,380,782
516,99,615
980,21,1001
262,476,738
617,290,907
870,458,1328
250,851,1101
109,145,254
822,284,1106
451,114,565
857,717,1574
119,333,452
181,397,578
415,984,1399
378,237,615
949,378,1327
413,161,574
355,635,990
444,351,795
137,561,698
972,709,1681
306,173,479
779,531,1310
612,856,1468
946,223,1169
233,111,344
185,347,532
346,770,1116
548,270,818
615,462,1077
747,447,1194
137,372,509
123,804,927
560,20,580
99,826,925
260,421,681
25,825,850
337,976,1313
409,509,918
865,842,1707
970,532,1502
577,945,1522
940,384,1324
518,337,855
118,11,129
979,200,1179
547,721,1268
367,954,1321
527,736,1263
321,804,1125
41,113,154
409,844,1253
558,858,1416
261,113,374
384,814,1198
686,718,1404
388,245,633
315,257,572
787,246,1033
554,519,1073
719,62,781
672,822,1494
282,8,290
253,917,1170
914,545,1459
947,765,1712
604,766,1370
205,32,237
814,110,924
314,60,374
411,373,784
23,930,953
906,610,1516
701,720,1421
425,240,665
415,274,689
818,397,1215
826,462,1288
704,321,1025
393,569,962
713,358,1071
99,14,113
305,354,659
867,681,1548
709,980,1689
648,382,1030
796,283,1079
496,857,1353
496,224,720
418,956,1374
521,381,902
777,428,1205
112,609,721
824,975,1799
464,122,586
6,343,349
86,257,343
179,538,717
591,608,1199
51,872,923
321,468,789
998,606,1604
299,689,988
62,488,550
555,550,1105
468,610,1078
481,515,996
880,708,1588
802,470,1272
895,277,1172
440,581,1021
160,170,330
946,167,1113
80,772,852
302,577,879
399,895,1294
183,806,989
919,70,989
563,675,1238
157,716,873
896,384,1280
150,618,768
661,407,1068
977,72,1049
611,239,850
968,286,1254
686,822,1508
907,199,1106
721,923,1644
16,188,204
472,978,1450
943,521,1464
528,606,1134
126,904,1030
444,863,1307
522,776,1298
331,405,736
813,773,1586
24,525,549
430,265,695
941,365,1306
409,639,1048
302,233,535
63,794,857
588,643,1231
265,724,989
537,509,1046
628,960,1588
507,975,1482
272,269,541
156,603,759
392,324,716
100,563,663
952,610,1562
214,437,651
337,745,1082
813,763,1576
49,253,302
280,3,283
985,898,1883
453,555,1008
871,638,1509
767,854,1621
751,542,1293
247,907,1154
123,323,446
66,504,570
480,689,1169
736,898,1634
938,993,1931
247,143,390
805,776,1581
653,949,1602
673,335,1008
632,258,890
808,626,1434
153,92,245
835,437,1272
505,31,536
968,106,1074
151,138,289
943,499,1442
198,563,761
203,221,424
681,573,1254
139,711,850
321,48,369
551,946,1497
383,664,1047
690,877,1567
15,998,1013
476,410,886
138,782,920
12,544,556
214,811,1025
308,78,386
883,306,1189
545,523,1068
880,490,1370
420,52,472
55,355,410
916,646,1562
839,314,1153
407,466,873
427,934,1361
594,410,1004
901,999,1900
965,762,1727
789,7,796
475,363,838
294,449,743
754,331,1085
715,709,1424
914,731,1645
330,296,626
582,630,1212
87,679,766
358,290,648
209,580,789
783,670,1453
665,610,1275
738,641,1379
886,654,1540
540,564,1104
722,870,1592
588,102,690
865,310,1175
693,737,1430
275,381,656
164,650,814
146,619,765
232,348,580
95,542,637
662,598,1260
964,377,1341
783,621,1404
993,408,1401
784,661,1445
394,395,789
831,602,1433
829,731,1560
785,940,1725
845,47,892
629,811,1440
924,907,1831
502,857,1359
483,494,977
125,197,322
615,88,703
56,424,480
438,766,1204
874,317,1191
421,939,1360
102,356,458
19,713,732
910,313,1223
56,63,119
547,662,1209
897,503,1400
394,415,809
313,924,1237
427,38,465
174,266,440
438,956,1394
398,726,1124
824,76,900
579,387,966
158,155,313
754,822,1576
306,833,1139
354,482,836
53,508,561
72,514,586
677,122,799
251,328,579
163,71,234
925,896,1821
890,275,1165
841,388,1229
351,197,548
107,708,815
704,923,1627
94,511,605
506,764,1270
756,818,1574
316,88,404
401,124,525
928,739,1667
79,39,118
957,429,1386
832,110,942
665,750,1415
906,671,1577
318,344,662
995,118,1113
900,10,910
326,804,1130
952,164,1116
49,179,228
928,523,1451
248,674,922
918,718,1636
998,412,1410
362,697,1059
539,838,1377
434,949,1383
874,454,1328
358,800,1158
849,980,1829
297,673,970
84,851,935
639,156,795
981,199,1180
684,65,749
976,650,1626
627,136,763
807,250,1057
54,773,827
735,192,927
708,653,1361
369,966,1335
362,762,1124
155,154,309
267,349,616
354,753,1107
927,205,1132
478,965,1443
483,826,1309
7,390,397
202,740,942
906,277,1183
465,473,938
474,612,1086
130,941,1071
219,570,789
35,866,901
356,390,746
276,198,474
41,133,174
480,866,1346
88,872,960
871,28,899
571,709,1280
623,752,1375
199,368,567
853,169,1022
195,842,1037
892,492,1384
531,623,1154
87,219,306
900,589,1489
407,287,694
241,419,660
873,752,1625
244,274,518
136,910,1046
480,322,802
183,626,809
811,329,1140
194,710,904
510,571,1081
109,243,352
372,339,711
352,751,1103
706,8,714
783,936,1719
220,444,664
599,870,1469
290,780,1070
202,581,783
358,79,437
735,373,1108
469,282,751
984,926,1910
365,555,920
705,352,1057
898,100,998
914,345,1259
947,395,1342
76,389,465
510,342,852
410,800,1210
720,12,732
584,618,1202
35,715,750
785,440,1225
973,152,1125
565,951,1516
558,186,744
179,360,539
743,52,795
34,779,813
88,609,697
116,974,1090
27,998,1025
410,503,913
826,728,1554
360,635,995
620,898,1518
731,765,1496
346,187,533
641,318,959
742,416,1158
189,432,621
57,920,977
763,389,1152
745,269,1014
193,368,561
294,647,941
465,103,568
763,191,954
449,461,910
906,118,1024
647,467,1114
375,562,937
501,435,936
73,896,969
966,516,1482
661,987,1648
304,398,702
885,714,1599
830,645,1475
241,26,267
26,991,1017
251,24,275
436,546,982
470,854,1324
942,554,1496
969,442,1411
142,295,437
944,695,1639
148,361,509
349,169,518
297,713,1010
663,397,1060
438,346,784
607,305,912
351,764,1115
739,373,1112
758,478,1236
800,992,1792
368,206,574
981,743,1724
62,269,331
298,768,1066
530,881,1411
80,142,222
698,194,892
698,448,1146
497,617,1114
791,60,851
184,897,1081
76,864,940
148,580,728
725,579,1304
880,410,1290
162,998,1160
504,467,971
50,826,876
698,483,1181
780,748,1528
702,565,1267
55,53,108
916,488,1404
114,164,278
643,915,1558
624,882,1506
701,474,1175
92,99,191
479,688,1167
790,90,880
474,323,797
50,849,899
179,4,183
539,768,1307
827,0,827
61,908,969
28,997,1025
873,456,1329
701,525,1226
167,326,493
840,821,1661
505,657,1162
282,940,1222
400,33,433
95,868,963
720,250,970
207,789,996
977,197,1174
809,257,1066
296,291,587
634,312,946
550,869,1419
764,302,1066
649,52,701
114,685,799
66,805,871
270,821,1091
312,67,379
6,706,712
258,442,700
22,804,826
397,764,1161
819,647,1466
374,748,1122
698,766,1464
51,158,209
217,528,745
963,709,1672
291,624,915
277,84,361
285,862,1147
805,789,1594
151,996,1147
391,752,1143
320,368,688
662,165,827
69,497,566
448,382,830
214,770,984
645,637,1282
71,910,981
736,242,978
630,745,1375
295,9,304
798,439,1237
787,585,1372
38,76,114
649,132,781
652,52,704
786,201,987
96,32,128
788,857,1645
806,265,1071
979,115,1094
242,159,401
149,697,846
725,123,848
586,311,897
431,799,1230
313,476,789
797,323,1120
96,386,482
176,343,519
61,497,558
5,230,235
175,829,1004
329,227,556
923,70,993
484,966,1450
814,636,1450
262,426,688
160,190,350
0,980,980
824,301,1125
691,136,827
99,651,750
514,849,1363
857,828,1685
294,27,321
83,589,672
264,845,1109
363,451,814
610,936,1546
493,940,1433
410,530,940
851,205,1056
675,179,854
585,691,1276
461,351,812
293,835,1128
507,211,718
864,45,909
85,560,645
710,457,1167
361,571,932
645,195,840
451,877,1328
820,879,1699
715,398,1113
492,770,1262
707,536,1243
790,930,1720
468,519,987
396,191,587
821,922,1743
925,84,1009
243,739,982
607,165,772
95,221,316
322,579,901
690,279,969
245,383,628
807,718,1525
525,222,747
330,876,1206
797,771,1568
515,868,1383
631,706,1337
853,400,1253
130,794,924
154,860,1014
806,814,1620
292,971,1263
431,298,729
255,707,962
471,794,1265
751,189,940
468,749,1217
739,218,957
691,494,1185
880,153,1033
280,387,667
299,931,1230
313,822,1135
584,645,1229
554,999,1553
553,846,1399
329,591,920
246,461,707
643,219,862
127,237,364
371,387,758
943,526,1469
963,447,1410
167,574,741
933,183,1116
134,709,843
650,681,1331
672,515,1187
166,330,496
933,841,1774
512,27,539
586,353,939
917,475,1392
21,921,942
182,303,485
77,308,385
191,495,686
479,344,823
100,636,736
664,887,1551
827,115,942
913,975,1888
12,505,517
497,342,839
397,910,1307
590,518,1108
934,661,1595
707,388,1095
700,619,1319
742,152,894
57,268,325
357,159,516
578,275,853
474,519,993
370,7,377
508,968,1476
951,440,1391
597,208,805
349,882,1231
867,267,1134
344,656,1000
261,416,677
451,682,1133
469,810,1279
341,32,373
968,588,1556
770,871,1641
379,882,1261
184,788,972
791,310,1101
397,422,819
588,502,1090
259,850,1109
377,930,1307
225,629,854
737,91,828
841,645,1486
11,917,928
786,448,1234
39,303,342
471,473,944
877,17,894
401,779,1180
35,217,252
259,755,1014
98,810,908
665,341,1006
880,346,1226
879,737,1616
897,642,1539
564,623,1187
824,131,955
78,186,264
72,680,752
155,570,725
416,792,1208
50,902,952
564,713,1277
758,864,1622
785,991,1776
28,34,62
292,899,1191
918,586,1504
734,788,1522
515,109,624
575,593,1168
210,206,416
606,834,1440
352,53,405
834,981,1815
498,2,500
248,669,917
814,499,1313
340,351,691
431,483,914
916,424,1340
98,998,1096
361,166,527
17,753,770
163,744,907
162,790,952
596,916,1512
205,768,973
28,52,80
216,396,612
966,542,1508
796,747,1543
454,92,546
858,884,1742
719,301,1020
474,420,894
141,944,1085
777,579,1356
846,700,1546
511,376,887
228,978,1206
464,632,1096
775,821,1596
933,57,990
637,160,797
50,94,144
50,147,197
67,278,345
406,621,1027
586,604,1190
182,586,768
979,786,1765
856,11,867
134,581,715
731,582,1313
220,58,278
811,965,1776
123,6,129
41,977,1018
144,406,550
964,648,1612
8,624,632
71,552,623
983,33,1016
875,172,1047
687,619,1306
532,169,701
843,563,1406
962,674,1636
497,377,874
292,144,436
337,991,1328
720,741,1461
535,262,797
740,934,1674
567,343,910
975,519,1494
402,900,1302
646,787,1433
743,975,1718
554,233,787
693,690,1383
885,857,1742
691,523,1214
636,633,1269
303,603,906
303,13,316
529,617,1146
448,20,468
316,679,995
301,917,1218
542,111,653
79,487,566
287,685,972
273,388,661
535,344,879
225,812,1037
371,275,646
775,505,1280
899,582,1481
6,470,476
40,806,846
613,193,806
371,988,1359
488,505,993
677,664,1341
268,363,631
999,909,1908
296,959,1255
321,893,1214
412,323,735
907,216,1123
616,865,1481
46,454,500
865,701,1566
753,910,1663
125,423,548
781,441,1222
967,397,1364
860,597,1457
431,489,920
190,787,977
753,470,1223
837,384,1221
754,151,905
376,670,1046
694,332,1026
748,286,1034
272,534,806
656,25,681
563,317,880
928,266,1194
716,85,801
975,433,1408
792,735,1527
642,529,1171
712,635,1347
730,865,1595
331,318,649
411,362,773
722,691,1413
851,614,1465
743,780,1523
698,756,1454
147,270,417
414,501,915
545,77,622
653,425,1078
883,523,1406
126,998,1124
218,946,1164
189,28,217
599,199,798
388,313,701
564,876,1440
100,516,616
287,612,899
189,711,900
326,567,893
994,820,1814
594,160,754
728,57,785
836,138,974
675,303,978
747,255,1002
736,759,1495
225,54,279
484,712,1196
190,207,397
102,917,1019
337,509,846
826,540,1366
708,761,1469
328,671,999
862,154,1016
175,683,858
323,460,783
538,177,715
863,788,1651
775,829,1604
772,426,1198
942,211,1153
111,30,141
382,115,497
763,244,1007
501,265,766
860,12,872
672,576,1248
777,906,1683
407,200,607
895,949,1844
605,763,1368
252,276,528
621,786,1407
573,316,889
761,907,1668
210,312,522
281,60,341
127,217,344
782,928,1710
629,207,836
888,24,912
658,391,1049
130,454,584
489,557,1046
262,871,1133
795,575,1370
47,306,353
919,967,1886
706,366,1072
818,659,1477
146,523,669
378,488,866
28,488,516
654,849,1503
279,864,1143
5,798,803
917,326,1243
905,28,933
731,259,990
155,926,1081
146,90,236
915,464,1379
9,209,218
733,856,1589
476,411,887
848,530,1378
881,991,1872
994,199,1193
42,731,773
89,630,719
187,237,424
900,7,907
581,466,1047
671,53,724
589,724,1313
249,225,474
94,469,563
895,280,1175
426,238,664
189,641,830
630,525,1155
942,270,1212
218,3,221
187,685,872
972,226,1198
566,636,1202
93,93,186
289,964,1253
193,713,906
199,425,624
871,96,967
905,740,1645
912,857,1769
589,367,956
272,272,544
260,710,970
1,624,625
616,289,905
885,270,1155
447,733,1180
715,480,1195
651,637,1288
743,68,811
329,825,1154
401,465,866
993,125,1118
592,449,1041
474,541,1015
161,323,484
498,322,820
846,43,889
121,796,917
978,760,1738
565,740,1305
815,717,1532
913,178,1091
926,547,1473
145,563,708
109,14,123
224,641,865
471,467,938
573,103,676
977,864,1841
861,98,959
101,230,331
801,579,1380
411,98,509
689,268,957
182,949,1131
810,645,1455
513,924,1437
598,499,1097
173,849,1022
139,65,204
551,680,1231
790,302,1092
768,495,1263
428,375,803
751,923,1674
827,846,1673
611,238,849
922,408,1330
534,726,1260
84,830,914
861,575,1436
672,245,917
2,29,31
842,647,1489
942,585,1527
428,877,1305
905,841,1746
749,260,1009
76,313,389
285,945,1230
196,363,559
992,950,1942
920,311,1231
803,504,1307
570,57,627
588,997,1585
770,88,858
452,658,1110
125,867,992
341,515,856
168,936,1104
829,946,1775
291,511,802
699,850,1549
770,315,1085
949,212,1161
234,20,254
401,402,803
641,285,926
136,106,242
501,190,691
805,151,956
333,4,337
87,702,789
395,632,1027
255,900,1155
716,658,1374
720,713,1433
523,821,1344
698,825,1523
400,801,1201
560,138,698
403,497,900
448,910,1358
249,657,906
202,49,251
329,135,464
753,898,1651
296,499,795
737,750,1487
29,797,826
459,470,929
369,287,656
387,898,1285
225,548,773
878,219,1097
78,971,1049
728,560,1288
797,853,1650
329,969,1298
558,419,977
792,575,1367
184,386,570
184,841,1025
537,291,828
193,445,638
373,556,929
970,15,985
415,34,449
540,387,927
204,784,988
414,934,1348
423,752,1175
400,376,776
473,729,1202
172,229,401
536,957,1493
739,3,742
522,941,1463
806,796,1602
3,460,463
874,462,1336
218,341,559
795,616,1411
469,773,1242
292,77,369
397,752,1149
81,614,695
823,88,911
416,974,1390
997,637,1634
893,176,1069
318,481,799
956,968,1924
839,580,1419
88,133,221
502,200,702
425,375,800
261,485,746
443,85,528
768,881,1649
412,377,789
681,812,1493
610,27,637
716,514,1230
830,339,1169
321,645,966
322,446,768
500,581,1081
482,408,890
990,631,1621
244,321,565
903,839,1742
747,51,798
347,324,671
486,188,674
326,988,1314
909,334,1243
100,251,351
25,177,202
163,954,1117
493,459,952
276,106,382
404,775,1179
402,944,1346
493,588,1081
141,351,492
951,227,1178
350,225,575
778,951,1729
231,630,861
170,603,773
664,6,670
172,272,444
826,994,1820
967,367,1334
988,82,1070
158,659,817
187,866,1053
984,918,1902
549,220,769
376,303,679
454,807,1261
722,662,1384
380,174,554
450,564,1014
971,42,1013
603,276,879
415,137,552
200,521,721
449,97,546
296,833,1129
785,152,937
211,632,843
927,462,1389
507,703,1210
157,671,828
825,680,1505
947,541,1488
102,501,603
264,9,273
343,201,544
879,754,1633
423,877,1300
330,629,959
162,859,1021
477,739,1216
458,763,1221
89,873,962
282,70,352
616,369,985
714,360,1074
572,885,1457
751,481,1232
673,412,1085
507,563,1070
976,684,1660
666,388,1054
266,182,448
406,505,911
611,341,952
775,526,1301
16,846,862
533,17,550
123,776,899
554,109,663
637,736,1373
231,806,1037
508,93,601
219,0,219
843,99,942
889,977,1866
409,439,848
120,678,798
284,754,1038
407,207,614
5,996,1001
776,948,1724
269,651,920
880,566,1446
107,201,308
209,446,655
306,69,375
285,632,917
205,542,747
505,630,1135
381,758,1139
16,43,59
29,283,312
532,361,893
9,322,331
972,792,1764
692,738,1430
765,990,1755
946,592,1538
968,68,1036
915,299,1214
559,962,1521
238,253,491
990,16,1006
4,123,127
893,394,1287
467,886,1353
187,224,411
643,185,828
391,102,493
929,846,1775
846,566,1412
530,708,1238
2,682,684
795,397,1192
808,21,829
908,17,925
180,358,538
151,792,943
144,424,568
540,237,777
369,538,907
419,471,890
886,176,1062
13,110,123
33,422,455
740,677,1417
785,826,1611
805,26,831
547,479,1026
634,378,1012
793,358,1151
493,513,1006
478,95,573
522,602,1124
762,482,1244
588,638,1226
385,952,1337
225,355,580
637,369,1006
534,39,573
548,767,1315
184,71,255
702,731,1433
631,331,962
674,371,1045
830,467,1297
413,670,1083
894,327,1221
803,713,1516
462,329,791
537,337,874
0,463,463
163,883,1046
699,926,1625
126,638,764
817,824,1641
237,912,1149
761,337,1098
675,293,968
612,734,1346
440,980,1420
830,703,1533
76,522,598
98,881,979
103,198,301
45,580,625
909,845,1754
569,658,1227
367,220,587
713,312,1025
251,65,316
878,146,1024
254,858,1112
84,602,686
263,410,673
705,239,944
540,411,951
77,396,473
736,676,1412
488,60,548
437,894,1331
251,566,817
12,699,711
306,199,505
300,266,566
759,955,1714
154,334,488
227,164,391
462,281,743
771,625,1396
630,536,1166
955,508,1463
175,425,600
420,521,941
561,825,1386
812,47,859
620,68,688
88,536,624
672,695,1367
869,950,1819
264,419,683
604,354,958
214,940,1154
439,169,608
102,209,311
34,747,781
644,312,956
816,858,1674
725,985,1710
463,858,1321
590,758,1348
215,837,1052
27,823,850
602,615,1217
654,817,1471
741,742,1483
715,399,1114
956,394,1350
680,446,1126
813,898,1711
464,87,551
9,236,245
445,210,655
173,764,937
773,784,1557
925,771,1696
673,775,1448
980,82,1062
151,391,542
198,516,714
176,251,427
742,687,1429
293,898,1191
350,230,580
342,150,492
653,556,1209
349,83,432
266,349,615
576,87,663
718,156,874
849,662,1511
504,8,512
827,826,1653
880,826,1706
11,128,139
923,175,1098
217,680,897
641,465,1106
913,938,1851
939,569,1508
644,331,975
774,823,1597
228,662,890
957,701,1658
764,741,1505
983,495,1478
746,974,1720
976,107,1083
671,38,709
953,642,1595
165,623,788
309,446,755
965,827,1792
990,613,1603
799,240,1039
328,927,1255
155,958,1113
616,207,823
497,859,1356
73,169,242
918,254,1172
847,137,984
867,422,1289
993,777,1770
552,742,1294
30,954,984
469,952,1421
426,919,1345
991,348,1339
655,973,1628
466,39,505
781,958,1739
935,394,1329
936,936,1872
119,742,861
965,463,1428
819,156,975
341,168,509
122,646,768
588,819,1407
725,586,1311
945,43,988
266,975,1241
45,951,996
880,262,1142
913,671,1584
336,217,553
382,369,751
745,532,1277
898,74,972
87,784,871
411,948,1359
43,546,589
589,261,850
909,360,1269
904,878,1782
471,789,1260
269,482,751
513,70,583
179,484,663
756,327,1083
823,646,1469
751,629,1380
583,987,1570
414,400,814
308,534,842
793,720,1513
872,544,1416
278,297,575
248,384,632
952,714,1666
561,341,902
201,396,597
542,480,1022
870,381,1251
14,117,131
512,997,1509
788,127,915
498,837,1335
748,610,1358
517,914,1431
656,774,1430
393,989,1382
899,628,1527
32,380,412
252,267,519
995,539,1534
3,731,734
947,304,1251
108,26,134
356,418,774
525,288,813
381,551,932
563,638,1201
613,655,1268
664,313,977
689,822,1511
776,160,936
401,763,1164
825,240,1065
967,491,1458
244,236,480
202,891,1093
137,999,1136
478,544,1022
264,855,1119
181,920,1101
765,580,1345
873,111,984
610,626,1236
301,790,1091
596,273,869
520,829,1349
820,88,908
730,695,1425
6,349,355
72,692,764
730,716,1446
45,814,859
543,216,759
458,764,1222
272,843,1115
461,288,749
323,325,648
461,367,828
861,527,1388
132,661,793
261,909,1170
100,771,871
591,716,1307
922,661,1583
988,426,1414
997,568,1565
386,420,806
635,730,1365
91,502,593
49,297,346
383,456,839
884,406,1290
680,878,1558
286,422,708
383,18,401
322,768,1090
998,652,1650
420,127,547
799,541,1340
284,485,769
896,641,1537
495,399,894
464,929,1393
258,384,642
455,355,810
767,820,1587
272,207,479
241,170,411
163,941,1104
500,105,605
908,989,1897
222,574,796
364,4,368
457,137,594
68,35,103
705,65,770
291,604,895
323,399,722
786,100,886
991,935,1926
889,384,1273
343,503,846
776,3,779
867,266,1133
915,704,1619
501,551,1052
472,117,589
646,994,1640
341,171,512
930,884,1814
676,585,1261
903,848,1751
410,693,1103
789,764,1553
582,767,1349
978,296,1274
180,356,536
233,199,432
189,174,363
351,897,1248
250,974,1224
795,111,906
67,58,125
903,528,1431
73,895,968
661,51,712
101,693,794
37,449,486
538,933,1471
525,778,1303
359,805,1164
490,524,1014
911,503,1414
366,54,420
8,109,117
939,821,1760
67,768,835
222,957,1179
402,771,1173
926,528,1454
695,109,804
990,361,1351
268,189,457
225,196,421
184,612,796
932,765,1697
737,486,1223
681,799,1480
689,281,970
941,191,1132
427,100,527
693,257,950
593,682,1275
211,118,329
618,778,1396
778,433,1211
842,297,1139
768,61,829
847,611,1458
954,164,1118
677,762,1439
71,947,1018
85,433,518
514,564,1078
799,582,1381
771,612,1383
936,58,994
998,241,1239
169,742,911
161,231,392
504,315,819
100,879,979
564,137,701
530,495,1025
280,865,1145
202,722,924
636,416,1052
200,907,1107
727,336,1063
337,537,874
739,721,1460
943,30,973
428,741,1169
504,302,806
717,598,1315
335,382,717
495,124,619
664,88,752
936,619,1555
738,689,1427
952,335,1287
958,21,979
336,800,1136
798,7,805
875,739,1614
10,486,496
98,342,440
477,291,768
425,136,561
752,910,1662
368,448,816
889,707,1596
502,648,1150
531,969,1500
136,262,398
725,270,995
59,95,154
291,113,404
112,907,1019
497,931,1428
701,72,773
752,141,893
186,952,1138
999,353,1352
811,740,1551
497,418,915
91,499,590
366,129,495
608,921,1529
636,477,1113
524,462,986
670,59,729
366,454,820
746,347,1093
636,289,925
844,286,1130
545,888,1433
521,980,1501
134,842,976
653,596,1249
864,412,1276
315,734,1049
198,632,830
200,246,446
428,957,1385
786,184,970
172,166,338
403,522,925
145,932,1077
745,457,1202
456,811,1267
925,954,1879
563,607,1170
612,517,1129
529,943,1472
145,529,674
748,682,1430
814,73,887
513,634,1147
996,208,1204
9,104,113
799,549,1348
475,281,756
57,681,738
444,499,943
805,178,983
190,702,892
309,79,388
664,835,1499
107,999,1106
897,848,1745
109,582,691
32,501,533
430,317,747
417,826,1243
5,333,338
602,139,741
123,433,556
159,977,1136
69,947,1016
89,490,579
373,608,981
836,612,1448
54,296,350
612,855,1467
991,258,1249
699,757,1456
5,407,412
499,633,1132
511,503,1014
940,269,1209
50,741,791
441,295,736
698,496,1194
385,67,452
622,565,1187
346,607,953
17,513,530
227,325,552
281,981,1262
907,879,1786
578,985,1563
427,501,928
833,69,902
207,112,319
838,115,953
460,110,570
783,69,852
796,908,1704
668,32,700
598,275,873
416,656,1072
107,745,852
532,426,958
696,976,1672
427,956,1383
367,24,391
154,982,1136
772,378,1150
348,341,689
765,405,1170
785,752,1537
161,394,555
979,295,1274
13,825,838
257,344,601
877,829,1706
751,75,826
128,742,870
91,383,474
875,704,1579
429,914,1343
447,664,1111
355,8,363
801,842,1643
34,379,413
858,12,870
856,795,1651
931,627,1558
380,496,876
649,385,1034
79,297,376
473,100,573
833,487,1320
433,316,749
907,247,1154
303,88,391
85,338,423
702,121,823
486,300,786
343,250,593
160,174,334
874,409,1283
15,38,53
766,50,816
156,667,823
837,753,1590
695,610,1305
979,90,1069
547,356,903
463,789,1252
712,387,1099
762,762,1524
497,649,1146
31,578,609
192,40,232
360,72,432
12,989,1001
41,591,632
168,92,260
859,109,968
628,724,1352
862,778,1640
468,717,1185
923,864,1787
72,497,569
916,967,1883
664,755,1419
36,174,210
557,947,1504
715,59,774
137,405,542
998,491,1489
223,829,1052
494,486,980
7,638,645
277,182,459
968,855,1823
622,668,1290
110,122,232
871,693,1564
44,170,214
257,237,494
977,346,1323
61,753,814
391,913,1304
705,438,1143
775,19,794
775,824,1599
54,776,830
93,200,293
5,917,922
691,37,728
440,936,1376
661,374,1035
280,35,315
19,444,463
253,686,939
880,917,1797
177,324,501
352,448,800
856,804,1660
430,936,1366
596,427,1023
56,745,801
503,555,1058
933,677,1610
828,915,1743
292,184,476
718,196,914
5,821,826
710,86,796
919,614,1533
59,883,942
458,351,809
215,158,373
109,323,432
476,961,1437
278,738,1016
300,753,1053
64,698,762
939,506,1445
989,286,1275
397,906,1303
885,720,1605
342,105,447
729,199,928
918,130,1048
915,393,1308
752,881,1633
937,613,1550
312,680,992
588,209,797
0,327,327
77,646,723
115,438,553
833,195,1028
743,731,1474
42,643,685
573,124,697
607,705,1312
859,740,1599
787,371,1158
13,842,855
749,193,942
488,102,590
598,53,651
201,592,793
51,198,249
684,807,1491
374,316,690
701,338,1039
425,360,785
9,666,675
33,104,137
120,531,651
527,627,1154
859,893,1752
763,518,1281
538,248,786
476,884,1360
763,627,1390
70,237,307
19,758,777
142,151,293
210,296,506
494,893,1387
216,658,874
48,916,964
681,626,1307
12,431,443
929,188,1117
147,93,240
687,652,1339
765,675,1440
791,191,982
354,581,935
508,82,590
857,902,1759
192,431,623
17,913,930
650,844,1494
279,896,1175
301,634,935
422,930,1352
569,643,1212
357,760,1117
793,263,1056
897,468,1365
533,690,1223
835,849,1684
310,701,1011
388,268,656
690,146,836
747,26,773
886,722,1608
924,677,1601
463,924,1387
387,699,1086
245,263,508
975,391,1366
324,606,930
133,277,410
875,168,1043
330,529,859
973,248,1221
364,635,999
492,218,710
946,405,1351
816,607,1423
883,655,1538
158,843,1001
919,536,1455
822,639,1461
927,350,1277
797,32,829
692,567,1259
317,786,1103
309,712,1021
319,829,1148
146,573,719
613,147,760
265,221,486
930,6,936
660,954,1614
514,991,1505
618,339,957
150,43,193
991,330,1321
20,483,503
946,979,1925
876,582,1458
25,842,867
456,995,1451
604,507,1111
502,968,1470
483,199,682
618,243,861
599,860,1459
520,998,1518
316,33,349
455,151,606
255,850,1105
665,904,1569
152,928,1080
24,121,145
428,670,1098
641,984,1625
248,636,884
604,112,716
252,64,316
5,735,740
846,626,1472
432,458,890
605,897,1502
900,748,1648
34,695,729
283,235,518
79,881,960
245,798,1043
902,963,1865
757,749,1506
256,441,697
112,227,339
720,46,766
503,541,1044
638,643,1281
879,244,1123
596,546,1142
840,712,1552
999,955,1954
645,765,1410
500,926,1426
869,469,1338
159,312,471
521,9,530
80,95,175
484,101,585
917,557,1474
235,768,1003
186,13,199
355,765,1120
877,953,1830
857,907,1764
649,773,1422
296,881,1177
80,629,709
799,361,1160
658,270,928
25,906,931
834,91,925
762,235,997
135,599,734
171,490,661
908,673,1581
996,209,1205
519,918,1437
208,199,407
922,391,1313
141,608,749
989,104,1093
112,280,392
702,861,1563
781,715,1496
176,963,1139
142,744,886
704,832,1536
502,242,744
846,225,1071
671,763,1434
303,427,730
336,848,1184
576,793,1369
909,327,1236
853,19,872
884,814,1698
602,960,1562
602,963,1565
641,145,786
765,600,1365
834,772,1606
916,554,1470
798,773,1571
293,574,867
374,637,1011
204,199,403
342,710,1052
158,43,201
875,740,1615
591,36,627
30,697,727
4,317,321
780,176,956
440,244,684
763,793,1556
136,241,377
580,954,1534
829,407,1236
288,771,1059
803,759,1562
766,618,1384
829,581,1410
146,140,286
510,783,1293
111,762,873
85,363,448
509,123,632
974,815,1789
509,919,1428
962,644,1606
392,121,513
23,728,751
754,261,1015
542,908,1450
681,756,1437
26,531,557
413,58,471
472,247,719
911,47,958
882,344,1226
647,764,1411
719,849,1568
946,399,1345
966,310,1276
539,229,768
834,20,854
332,223,555
918,403,1321
422,387,809
952,246,1198
80,514,594
895,244,1139
744,444,1188
715,4,719
27,313,340
221,794,1015
28,980,1008
338,379,717
492,8,500
889,630,1519
663,989,1652
257,667,924
27,283,310
47,657,704
901,822,1723
54,762,816
303,811,1114
153,937,1090
385,570,955
472,734,1206
122,806,928
48,382,430
679,492,1171
487,17,504
47,809,856
961,930,1891
760,780,1540
555,361,916
216,181,397
392,819,1211
108,977,1085
494,816,1310
709,424,1133
685,878,1563
562,782,1344
184,99,283
273,820,1093
797,632,1429
156,943,1099
612,616,1228
791,28,819
12,69,81
187,833,1020
135,404,539
991,829,1820
926,733,1659
10,64,74
679,698,1377
674,395,1069
408,357,765
693,580,1273
835,192,1027
620,759,1379
1,507,508
998,928,1926
89,734,823
364,558,922
701,240,941
863,700,1563
552,153,705
847,853,1700
346,851,1197
452,524,976
229,144,373
995,425,1420
383,766,1149
107,311,418
634,517,1151
599,71,670
436,321,757
598,537,1135
806,907,1713
885,328,1213
814,10,824
846,708,1554
692,24,716
501,607,1108
563,663,1226
26,827,853
314,597,911
493,96,589
61,685,746
38,132,170
338,955,1293
528,280,808
99,637,736
635,863,1498
699,845,1544
654,775,1429
959,305,1264
878,741,1619
687,675,1362
488,635,1123
578,374,952
367,743,1110
671,112,783
388,979,1367
179,567,746
280,128,408
812,592,1404
708,536,1244
411,176,587
108,870,978
585,710,1295
351,589,940
290,27,317
476,415,891
491,575,1066
279,555,834
345,62,407
27,71,98
67,762,829
598,745,1343
642,650,1292
377,608,985
825,236,1061
351,477,828
940,244,1184
95,707,802
389,11,400
66,702,768
580,847,1427
197,923,1120
71,719,790
536,572,1108
910,974,1884
750,273,1023
663,391,1054
476,766,1242
117,762,879
976,56,1032
678,189,867
184,100,284
786,782,1568
12,935,947
549,84,633
458,241,699
821,955,1776
478,115,593
986,186,1172
434,712,1146
838,943,1781
929,87,1016
940,722,1662
312,631,943
943,48,991
372,901,1273
877,131,1008
761,658,1419
68,218,286
941,270,1211
620,942,1562
680,226,906
654,790,1444
164,7,171
472,800,1272
182,79,261
430,702,1132
374,731,1105
960,901,1861
445,484,929
567,368,935
334,666,1000
326,164,490
50,465,515
452,444,896
619,759,1378
712,443,1155
616,388,1004
652,114,766
560,695,1255
3,561,564
221,928,1149
405,831,1236
643,68,711
83,290,373
736,666,1402
170,570,740
969,608,1577
602,326,928
140,311,451
833,120,953
217,816,1033
654,140,794
872,973,1845
394,35,429
331,457,788
662,598,1260
997,473,1470
961,302,1263
338,438,776
128,447,575
685,93,778
443,502,945
225,962,1187
695,524,1219
663,949,1612
681,266,947
9,20,29
84,337,421
701,681,1382
487,754,1241
51,531,582
374,780,1154
350,694,1044
656,320,976
309,611,920
944,775,1719
466,475,941
248,802,1050
742,594,1336
413,613,1026
882,777,1659
157,607,764
678,994,1672
236,780,1016
215,695,910
20,982,1002
850,26,876
220,282,502
82,813,895
899,971,1870
403,140,543
57,146,203
690,929,1619
920,517,1437
101,821,922
254,605,859
842,638,1480
899,947,1846
976,145,1121
532,261,793
586,94,680
943,660,1603
127,993,1120
963,591,1554
607,118,725
648,676,1324
245,470,715
254,172,426
839,692,1531
936,215,1151
349,631,980
294,582,876
532,782,1314
51,862,913
317,286,603
696,607,1303
76,823,899
954,676,1630
4,796,800
913,476,1389
454,261,715
571,447,1018
214,847,1061
419,506,925
355,346,701
338,233,571
554,680,1234
909,365,1274
5,726,731
932,868,1800
336,128,464
482,837,1319
982,550,1532
941,697,1638
8,942,950
588,980,1568
374,283,657
801,85,886
415,537,952
617,519,1136
25,950,975
140,190,330
287,775,1062
546,129,675
510,466,976
490,501,991
902,799,1701
447,885,1332
482,200,682
729,356,1085
238,861,1099
919,919,1838
145,336,481
66,680,746
969,65,1034
454,598,1052
831,933,1764
186,337,523
580,665,1245
806,825,1631
196,802,998
16,321,337
140,385,525
625,177,802
283,978,1261
548,566,1114
537,149,686
206,739,945
244,57,301
707,884,1591
324,600,924
911,981,1892
23,943,966
695,622,1317
80,546,626
975,405,1380
775,404,1179
520,215,735
469,519,988
792,206,998
45,640,685
515,608,1123
900,287,1187
885,757,1642
916,176,1092
661,699,1360
728,360,1088
695,477,1172
188,906,1094
358,924,1282
825,975,1800
459,55,514
111,599,710
199,580,779
631,167,798
448,734,1182
387,122,509
996,561,1557
640,987,1627
699,760,1459
634,615,1249
391,300,691
28,787,815
353,342,695
371,872,1243
162,536,698
366,904,1270
418,647,1065
731,568,1299
187,482,669
616,829,1445
353,39,392
584,568,1152
572,793,1365
786,258,1044
117,595,712
719,613,1332
742,824,1566
626,637,1263
612,856,1468
487,228,715
94,395,489
696,37,733
339,856,1195
333,58,391
597,223,820
415,33,448
569,70,639
178,548,726
773,653,1426
991,960,1951
368,739,1107
887,584,1471
160,811,971
864,975,1839
313,447,760
861,541,1402
324,331,655
249,723,972
331,119,450
7,357,364
254,262,516
633,820,1453
681,827,1508
679,15,694
205,351,556
891,130,1021
324,894,1218
479,329,808
127,365,492
821,880,1701
833,377,1210
379,787,1166
220,928,1148
374,27,401
740,376,1116
280,831,1111
798,34,832
715,560,1275
592,84,676
186,882,1068
353,722,1075
691,294,985
540,884,1424
132,126,258
617,190,807
573,469,1042
135,970,1105
130,463,593
789,810,1599
145,709,854
756,428,1184
31,509,540
797,821,1618
999,353,1352
704,433,1137
274,639,913
813,812,1625
228,49,277
246,716,962
741,490,1231
908,145,1053
89,708,797
350,847,1197
205,38,243
65,733,798
130,590,720
548,863,1411
379,971,1350
844,198,1042
251,419,670
267,766,1033
641,366,1007
933,15,948
220,997,1217
411,554,965
362,928,1290
86,893,979
720,123,843
466,208,674
790,722,1512
390,977,1367
750,625,1375
452,881,1333
500,467,967
249,754,1003
187,896,1083
963,947,1910
389,537,926
400,263,663
507,992,1499
78,759,837
670,139,809
33,587,620
166,883,1049
829,99,928
16,383,399
881,753,1634
203,80,283
798,916,1714
890,0,890
735,847,1582
685,266,951
852,232,1084
480,726,1206
413,999,1412
486,201,687
565,783,1348
719,977,1696
463,134,597
559,739,1298
813,474,1287
632,112,744
850,757,1607
869,685,1554
55,166,221
158,369,527
235,221,456
315,125,440
422,117,539
280,210,490
664,923,1587
31,791,822
15,479,494
785,376,1161
213,663,876
945,330,1275
257,381,638
34,277,311
768,610,1378
996,723,1719
458,641,1099
551,958,1509
626,350,976
932,731,1663
435,70,505
687,898,1585
912,695,1607
546,30,576
671,984,1655
460,290,750
450,176,626
991,497,1488
551,236,787
602,359,961
957,388,1345
582,209,791
271,438,709
428,860,1288
204,920,1124
156,87,243
723,495,1218
453,44,497
595,236,831
84,386,470
330,24,354
423,117,540
352,915,1267
232,534,766
109,217,326
526,475,1001
224,691,915
912,83,995
144,878,1022
60,807,867
994,136,1130
640,295,935
28,413,441
341,411,752
459,476,935
812,394,1206
501,521,1022
18,777,795
689,762,1451
890,804,1694
828,956,1784
277,168,445
529,1,530
65,767,832
872,9,881
334,292,626
792,732,1524
431,393,824
754,308,1062
846,226,1072
160,851,1011
91,274,365
929,651,1580
645,569,1214
872,490,1362
25,901,926
557,765,1322
403,478,881
748,653,1401
332,155,487
610,78,688
931,464,1395
36,973,1009
800,422,1222
912,606,1518
932,977,1909
836,157,993
85,120,205
891,223,1114
400,212,612
32,448,480
964,361,1325
844,10,854
595,776,1371
793,110,903
272,248,520
537,249,786
524,954,1478
36,148,184
580,524,1104
166,664,830
503,796,1299
298,64,362
297,603,900
829,794,1623
821,197,1018
615,260,875
313,165,478
489,901,1390
215,70,285
46,200,246
537,233,770
386,992,1378
561,70,631
872,441,1313
510,25,535
229,513,742
318,957,1275
873,120,993
736,729,1465
0,545,545
606,153,759
695,886,1581
660,736,1396
204,76,280
415,642,1057
600,905,1505
30,866,896
798,876,1674
61,680,741
580,314,894
627,504,1131
428,12,440
105,260,365
548,139,687
947,66,1013
821,621,1442
166,589,755
258,12,270
515,179,694
373,982,1355
686,776,1462
126,449,575
611,374,985
126,41,167
255,412,667
493,889,1382
797,374,1171
467,962,1429
558,270,828
319,860,1179
504,393,897
8,660,668
721,131,852
949,586,1535
942,481,1423
21,313,334
353,231,584
326,388,714
387,297,684
177,969,1146
325,389,714
451,325,776
87,367,454
169,835,1004
673,866,1539
316,777,1093
795,642,1437
587,151,738
56,325,381
91,956,1047
872,172,1044
279,486,765
713,372,1085
865,528,1393
826,981,1807
21,722,743
166,863,1029
719,164,883
542,626,1168
880,189,1069
260,399,659
844,327,1171
70,390,460
578,82,660
17,283,300
55,798,853
308,889,1197
473,81,554
811,699,1510
58,428,486
870,704,1574
394,857,1251
612,723,1335
172,44,216
191,522,713
6,572,578
470,397,867
7,559,566
737,686,1423
128,827,955
889,4,893
439,519,958
876,230,1106
645,714,1359
712,578,1290
851,631,1482
480,413,893
563,456,1019
450,201,651
321,273,594
797,471,1268
353,148,501
742,932,1674
732,596,1328
825,231,1056
282,881,1163
587,332,919
971,570,1541
514,951,1465
804,392,1196
457,351,808
343,990,1333
985,361,1346
97,640,737
284,241,525
44,706,750
728,312,1040
940,660,1600
590,736,1326
807,218,1025
172,147,319
710,651,1361
679,548,1227
625,112,737
221,980,1201
140,875,1015
582,38,620
101,846,947
561,367,928
871,321,1192
809,873,1682
763,95,858
727,52,779
479,695,1174
67,137,204
560,924,1484
733,237,970
508,334,842
598,843,1441
51,410,461
890,980,1870
200,976,1176
342,797,1139
434,976,1410
89,162,251
969,323,1292
366,321,687
670,111,781
27,624,651
937,1,938
652,660,1312
285,862,1147
617,670,1287
304,171,475
342,929,1271
538,584,1122
922,561,1483
512,701,1213
745,730,1475
125,358,483
670,949,1619
150,373,523
66,561,627
402,521,923
78,258,336
834,105,939
343,258,601
864,675,1539
849,669,1518
135,489,624
685,90,775
924,597,1521
19,625,644
546,977,1523
914,662,1576
413,550,963
559,195,754
232,714,946
841,448,1289
212,352,564
44,931,975
467,687,1154
354,584,938
259,888,1147
151,742,893
758,805,1563
773,69,842
485,526,1011
228,810,1038
548,116,664
522,804,1326
909,41,950
747,22,769
154,823,977
896,262,1158
650,335,985
761,661,1422
643,53,696
101,778,879
701,572,1273
120,627,747
527,853,1380
153,669,822
367,297,664
443,973,1416
220,787,1007
448,249,697
731,941,1672
942,179,1121
982,48,1030
535,704,1239
7,804,811
424,174,598
951,219,1170
227,322,549
119,218,337
1,136,137
283,768,1051
240,833,1073
14,59,73
163,137,300
480,799,1279
649,260,909
511,494,1005
725,453,1178
247,110,357
368,966,1334
688,90,778
572,373,945
117,746,863
676,797,1473
36,215,251
525,47,572
218,949,1167
385,39,424
101,68,169
908,689,1597
971,275,1246
741,330,1071
540,35,575
331,407,738
474,547,1021
953,398,1351
36,647,683
205,90,295
980,84,1064
788,353,1141
260,795,1055
151,337,488
367,835,1202
468,193,661
536,420,956
635,692,1327
878,755,1633
14,343,357
373,930,1303
559,553,1112
692,767,1459
900,590,1490
938,953,1891
538,200,738
622,982,1604
85,219,304
737,216,953
843,685,1528
948,640,1588
327,644,971
258,960,1218
485,713,1198
243,216,459
666,24,690
380,735,1115
963,389,1352
698,461,1159
532,56,588
768,132,900
829,42,871
602,200,802
41,707,748
422,782,1204
385,633,1018
522,995,1517
528,56,584
711,65,776
220,226,446
791,394,1185
559,737,1296
284,161,445
376,720,1096
8,153,161
792,996,1788
515,267,782
6,732,738
106,581,687
593,271,864
853,937,1790
837,981,1818
109,377,486
565,466,1031
598,890,1488
617,17,634
585,98,683
140,58,198
520,450,970
192,523,715
13,423,436
477,248,725
622,640,1262
221,608,829
992,462,1454
757,611,1368
427,385,812
531,311,842
532,617,1149
991,368,1359
800,110,910
503,256,759
679,320,999
948,661,1609
811,678,1489
390,191,581
335,355,690
679,278,957
238,58,296
187,413,600
222,215,437
963,69,1032
727,902,1629
273,512,785
969,40,1009
905,104,1009
33,519,552
817,257,1074
854,189,1043
108,490,598
367,402,769
323,764,1087
78,929,1007
337,386,723
292,35,327
889,981,1870
514,954,1468
207,461,668
213,747,960
44,454,498
729,359,1088
64,650,714
560,111,671
655,727,1382
276,396,672
463,483,946
488,838,1326
533,774,1307
351,639,990
825,463,1288
699,315,1014
322,685,1007
216,699,915
196,941,1137
857,935,1792
143,512,655
349,856,1205
345,895,1240
489,423,912
940,299,1239
724,322,1046
285,57,342
95,971,1066
286,682,968
433,402,835
984,152,1136
765,72,837
1,709,710
115,654,769
854,864,1718
513,312,825
288,659,947
441,663,1104
798,900,1698
294,271,565
566,527,1093
172,760,932
840,677,1517
87,667,754
559,966,1525
634,692,1326
157,302,459
92,937,1029
55,610,665
196,289,485
316,887,1203
195,163,358
110,278,388
181,596,777
534,500,1034
350,343,693
261,689,950
214,19,233
193,127,320
332,18,350
402,598,1000
394,926,1320
194,323,517
267,102,369
643,941,1584
220,825,1045
390,162,552
33,467,500
323,105,428
511,521,1032
182,852,1034
681,512,1193
526,526,1052
65,172,237
482,940,1422
206,267,473
299,879,1178
861,338,1199
660,778,1438
394,884,1278
481,280,761
866,695,1561
183,156,339
697,766,1463
866,739,1605
461,450,911
695,944,1639
694,957,1651
813,632,1445
79,742,821
596,43,639
557,520,1077
858,956,1814
653,98,751
392,522,914
444,391,835
811,927,1738
33,259,292
932,752,1684
473,877,1350
113,653,766
681,631,1312
111,381,492
857,908,1765
173,140,313
956,373,1329
509,901,1410
606,787,1393
507,441,948
394,125,519
304,256,560
982,545,1527
6,337,343
922,980,1902
859,332,1191
292,429,721
657,954,1611
854,944,1798
111,387,498
767,92,859
599,701,1300
905,681,1586
200,509,709
913,146,1059
835,180,1015
396,794,1190
404,587,991
703,100,803
748,556,1304
157,259,416
649,931,1580
459,271,730
167,871,1038
282,66,348
329,736,1065
696,962,1658
511,317,828
298,768,1066
924,335,1259
330,649,979
667,875,1542
779,947,1726
226,384,610
168,454,622
49,134,183
58,22,80
826,894,1720
250,248,498
535,653,1188
743,21,764
780,111,891
892,305,1197
631,13,644
198,78,276
585,798,1383
197,547,744
182,257,439
86,906,992
487,36,523
916,826,1742
440,870,1310
954,879,1833
872,229,1101
828,596,1424
329,155,484
622,106,728
356,637,993
726,92,818
636,73,709
300,536,836
488,190,678
693,560,1253
916,506,1422
723,327,1050
935,284,1219
664,598,1262
244,428,672
896,607,1503
14,908,922
230,676,906
138,33,171
639,350,989
46,776,822
40,121,161
696,749,1445
253,583,836
149,809,958
895,941,1836
795,806,1601
991,676,1667
700,460,1160
191,75,266
797,235,1032
906,173,1079
445,411,856
757,395,1152
284,15,299
583,950,1533
956,988,1944
805,878,1683
257,298,555
960,313,1273
363,776,1139
826,806,1632
600,361,961
570,857,1427
422,674,1096
847,228,1075
111,795,906
993,340,1333
24,883,907
704,123,827
197,217,414
797,748,1545
423,512,935
151,713,864
36,604,640
814,987,1801
831,276,1107
787,549,1336
396,813,1209
912,349,1261
667,118,785
104,207,311
63,955,1018
922,662,1584
865,189,1054
353,142,495
445,598,1043
668,375,1043
703,754,1457
932,529,1461
131,212,343
594,643,1237
833,50,883
476,250,726
612,527,1139
317,546,863
174,985,1159
940,843,1783
565,881,1446
382,613,995
720,382,1102
911,104,1015
543,147,690
324,975,1299
768,359,1127
6,494,500
392,695,1087
476,168,644
255,316,571
990,564,1554
620,733,1353
10,824,834
17,945,962
642,174,816
121,106,227
393,664,1057
277,285,562
53,322,375
227,775,1002
295,313,608
160,238,398
392,904,1296
812,51,863
335,898,1233
896,139,1035
685,882,1567
148,771,919
205,80,285
669,968,1637
81,685,766
596,327,923
553,407,960
469,133,602
470,912,1382
935,326,1261
5,434,439
306,651,957
827,589,1416
322,763,1085
252,292,544
657,114,771
916,792,1708
254,930,1184
541,296,837
235,312,547
963,579,1542
414,353,767
765,365,1130
196,690,886
205,327,532
729,573,1302
757,973,1730
610,710,1320
579,787,1366
930,750,1680
172,249,421
312,727,1039
527,44,571
0,83,83
930,707,1637
676,640,1316
450,108,558
83,765,848
997,896,1893
506,296,802
124,836,960
969,440,1409
139,613,752
680,29,709
284,591,875
137,683,820
837,904,1741
39,66,105
557,536,1093
698,285,983
756,189,945
771,1,772
920,641,1561
837,238,1075
563,506,1069
261,291,552
430,233,663
524,292,816
672,903,1575
756,672,1428
247,546,793
730,107,837
709,961,1670
37,583,620
693,466,1159
785,381,1166
476,528,1004
375,73,448
48,375,423
435,237,672
448,551,999
726,171,897
98,672,770
15,763,778
139,741,880
403,399,802
594,356,950
558,274,832
344,597,941
719,827,1546
742,433,1175
287,331,618
160,704,864
266,519,785
237,787,1024
444,243,687
912,158,1070
714,392,1106
777,378,1155
195,296,491
912,91,1003
825,819,1644
377,641,1018
913,278,1191
861,150,1011
697,222,919
898,658,1556
790,894,1684
622,904,1526
837,538,1375
81,391,472
332,756,1088
390,549,939
328,234,562
387,425,812
554,443,997
659,649,1308
905,932,1837
298,76,374
372,250,622
905,266,1171
759,107,866
995,487,1482
150,105,255
495,157,652
163,568,731
118,263,381
543,298,841
495,0,495
124,940,1064
33,844,877
656,707,1363
334,597,931
310,427,737
40,831,871
686,924,1610
887,67,954
293,474,767
436,708,1144
24,740,764
166,351,517
738,179,917
875,271,1146
316,436,752
489,238,727
678,481,1159
414,772,1186
581,127,708
401,686,1087
167,154,321
663,572,1235
766,139,905
149,87,236
810,576,1386
532,595,1127
972,676,1648
286,305,591
326,466,792
924,47,971
596,805,1401
133,248,381
622,890,1512
422,591,1013
790,618,1408
491,712,1203
788,32,820
518,318,836
506,574,1080
604,568,1172
845,277,1122
551,186,737
392,222,614
691,901,1592
894,905,1799
650,692,1342
119,648,767
997,657,1654
33,596,629
549,548,1097
534,681,1215
413,951,1364
357,704,1061
23,191,214
420,979,1399
114,919,1033
11,486,497
871,473,1344
664,995,1659
326,910,1236
596,113,709
378,863,1241
949,538,1487
673,163,836
893,433,1326
853,9,862
614,838,1452
153,675,828
938,144,1082
595,555,1150
319,980,1299
378,973,1351
976,279,1255
102,714,816
536,173,709
558,922,1480
776,698,1474
453,565,1018
26,537,563
304,28,332
116,281,397
199,404,603
815,135,950
897,348,1245
766,616,1382
702,515,1217
13,556,569
968,557,1525
233,539,772
246,530,776
826,444,1270
778,824,1602
32,433,465
349,204,553
839,117,956
105,206,311
153,717,870
586,573,1159
658,204,862
248,468,716
517,849,1366
730,14,744
535,305,840
901,703,1604
500,895,1395
837,574,1411
505,871,1376
730,127,857
100,752,852
453,969,1422
781,345,1126
371,227,598
891,237,1128
666,249,915
546,935,1481
427,657,1084
370,662,1032
61,154,215
61,768,829
625,924,1549
320,463,783
369,196,565
274,409,683
56,478,534
983,802,1785
910,82,992
606,669,1275
424,625,1049
677,122,799
846,69,915
943,764,1707
42,163,205
504,721,1225
921,960,1881
520,496,1016
614,961,1575
104,224,328
34,749,783
465,925,1390
412,484,896
819,923,1742
590,984,1574
505,375,880
416,224,640
672,780,1452
565,372,937
151,962,1113
31,308,339
360,667,1027
76,710,786
266,601,867
779,251,1030
267,801,1068
325,688,1013
979,100,1079
441,808,1249
980,113,1093
703,53,756
413,726,1139
509,486,995
23,371,394
311,349,660
771,309,1080
369,886,1255
140,565,705
121,250,371
609,353,962
504,509,1013
704,846,1550
64,954,1018
798,692,1490
11,3,14
669,839,1508
808,780,1588
728,380,1108
68,813,881
503,208,711
208,474,682
118,418,536
383,609,992
439,88,527
645,275,920
20,610,630
240,295,535
511,653,1164
708,243,951
643,909,1552
122,238,360
160,399,559
293,302,595
441,871,1312
187,178,365
84,111,195
229,186,415
98,80,178
291,15,306
83,79,162
939,845,1784
363,268,631
549,846,1395
311,341,652
719,548,1267
925,472,1397
673,649,1322
518,880,1398
101,143,244
15,839,854
629,492,1121
600,915,1515
595,887,1482
377,719,1096
289,980,1269
25,503,528
46,774,820
753,817,1570
51,973,1024
293,979,1272
103,579,682
375,62,437
669,37,706
425,287,712
190,360,550
785,539,1324
900,441,1341
728,169,897
666,996,1662
215,593,808
377,772,1149
116,820,936
458,27,485
561,144,705
834,181,1015
318,889,1207
786,295,1081
210,674,884
230,582,812
445,597,1042
837,27,864
348,746,1094
365,918,1283
926,778,1704
600,64,664
877,282,1159
808,785,1593
18,923,941
891,414,1305
20,283,303
952,928,1880
155,524,679
709,61,770
620,322,942
726,965,1691
779,632,1411
642,5,647
919,160,1079
47,231,278
207,693,900
136,115,251
464,39,503
130,538,668
86,370,456
47,82,129
61,83,144
514,953,1467
112,903,1015
982,250,1232
439,729,1168
955,599,1554
845,824,1669
139,299,438
434,270,704
434,415,849
589,698,1287
561,654,1215
20,145,165
612,167,779
262,105,367
424,681,1105
952,799,1751
932,205,1137
261,61,322
861,348,1209
483,259,742
389,570,959
486,846,1332
152,540,692
84,735,819
476,502,978
111,153,264
967,247,1214
382,395,777
570,447,1017
384,29,413
636,215,851
571,935,1506
917,119,1036
533,467,1000
56,141,197
98,706,804
842,967,1809
911,392,1303
545,831,1376
850,370,1220
56,46,102
990,932,1922
22,27,49
870,730,1600
655,313,968
360,884,1244
526,199,725
223,279,502
23,1,24
504,987,1491
236,920,1156
55,56,111
926,93,1019
43,599,642
484,435,919
955,926,1881
302,211,513
529,869,1398
951,764,1715
160,824,984
537,816,1353
509,603,1112
717,819,1536
660,797,1457
938,699,1637
685,423,1108
808,19,827
662,299,961
111,0,111
557,133,690
788,563,1351
970,522,1492
513,195,708
150,632,782
110,38,148
98,478,576
118,728,846
881,694,1575
775,77,852
569,338,907
722,287,1009
269,450,719
131,949,1080
308,463,771
137,973,1110
937,104,1041
861,240,1101
265,587,852
61,676,737
26,590,616
199,650,849
961,550,1511
41,158,199
489,865,1354
477,295,772
513,239,752
653,924,1577
861,367,1228
368,975,1343
128,106,234
945,556,1501
338,745,1083
984,683,1667
979,681,1660
661,196,857
138,188,326
175,698,873
710,289,999
172,932,1104
991,729,1720
820,704,1524
879,423,1302
654,341,995
400,912,1312
93,255,348
387,78,465
124,73,197
149,94,243
43,424,467
734,948,1682
44,571,615
884,949,1833
187,252,439
449,319,768
424,368,792
783,70,853
833,582,1415
913,255,1168
501,300,801
498,627,1125
401,988,1389
847,80,927
389,346,735
618,496,1114
452,696,1148
422,372,794
789,519,1308
489,2,491
576,569,1145
874,753,1627
832,204,1036
363,600,963
696,468,1164
430,681,1111
842,460,1302
522,737,1259
56,996,1052
228,467,695
387,570,957
859,569,1428
669,332,1001
134,515,649
909,357,1266
237,671,908
394,39,433
490,494,984
92,70,162
706,628,1334
949,396,1345
795,60,855
830,413,1243
690,723,1413
413,713,1126
92,122,214
381,683,1064
767,693,1460
983,682,1665
984,633,1617
846,154,1000
354,460,814
880,93,973
112,777,889
501,679,1180
468,641,1109
877,213,1090
96,831,927
22,578,600
373,339,712
874,354,1228
25,163,188
885,738,1623
757,722,1479
971,515,1486
303,437,740
235,57,292
184,43,227
488,576,1064
727,17,744
256,236,492
650,419,1069
183,579,762
442,446,888
179,814,993
908,188,1096
582,553,1135
44,43,87
429,917,1346
274,7,281
562,535,1097
302,924,1226
854,107,961
840,876,1716
437,82,519
165,121,286
362,12,374
760,161,921
918,795,1713
612,266,878
395,636,1031
313,479,792
808,241,1049
315,918,1233
856,627,1483
612,612,1224
327,19,346
175,539,714
466,424,890
962,56,1018
155,131,286
314,854,1168
742,864,1606
786,289,1075
75,290,365
737,534,1271
224,589,813
980,66,1046
774,731,1505
84,438,522
34,941,975
31,643,674
363,631,994
475,85,560
779,519,1298
675,376,1051
674,115,789
273,592,865
631,6,637
377,960,1337
812,347,1159
165,869,1034
888,674,1562
941,563,1504
66,457,523
237,970,1207
956,687,1643
340,689,1029
744,154,898
146,461,607
92,78,170
68,524,592
259,768,1027
599,258,857
419,332,751
778,355,1133
353,406,759
818,402,1220
575,35,610
291,691,982
594,367,961
683,256,939
9,747,756
893,223,1116
205,930,1135
109,753,862
533,583,1116
841,437,1278
249,7,256
979,321,1300
290,299,589
390,7,397
858,796,1654
446,515,961
763,586,1349
151,102,253
378,231,609
355,120,475
454,593,1047
381,25,406
916,727,1643
404,592,996
173,875,1048
677,378,1055
642,761,1403
256,833,1089
555,132,687
888,290,1178
654,483,1137
317,12,329
422,951,1373
350,756,1106
381,932,1313
304,120,424
607,261,868
80,934,1014
724,948,1672
546,13,559
308,500,808
794,140,934
171,413,584
155,266,421
287,781,1068
65,213,278
633,296,929
889,392,1281
83,808,891
198,489,687
598,957,1555
506,300,806
197,176,373
533,306,839
499,829,1328
685,354,1039
963,190,1153
621,542,1163
252,307,559
454,502,956
388,949,1337
55,588,643
139,152,291
994,480,1474
929,753,1682
484,104,588
83,257,340
444,409,853
256,117,373
319,670,989
30,529,559
85,697,782
185,186,371
497,833,1330
590,735,1325
178,325,503
604,899,1503
406,168,574
575,376,951
332,704,1036
753,30,783
511,174,685
943,923,1866
270,506,776
493,592,1085
100,581,681
816,647,1463
899,361,1260
47,30,77
842,719,1561
874,243,1117
867,938,1805
118,145,263
436,336,772
660,440,1100
526,255,781
499,343,842
911,912,1823
317,809,1126
15,698,713
664,931,1595
973,252,1225
151,426,577
956,545,1501
22,818,840
819,102,921
764,884,1648
398,327,725
61,6,67
642,215,857
882,614,1496
987,497,1484
632,999,1631
907,418,1325
80,588,668
736,837,1573
384,978,1362
835,815,1650
916,546,1462
505,775,1280
849,329,1178
614,79,693
153,254,407
511,286,797
474,295,769
142,520,662
785,639,1424
941,895,1836
915,88,1003
665,615,1280
139,59,198
605,64,669
684,68,752
807,655,1462
586,414,1000
362,759,1121
974,811,1785
823,100,923
356,183,539
311,908,1219
134,718,852
733,732,1465
922,30,952
654,539,1193
720,106,826
924,950,1874
164,271,435
924,472,1396
216,433,649
534,512,1046
146,586,732
956,951,1907
183,927,1110
804,130,934
735,435,1170
170,624,794
276,506,782
849,176,1025
368,764,1132
622,822,1444
236,820,1056
585,997,1582
257,441,698
947,493,1440
40,832,872
381,870,1251
453,133,586
625,969,1594
964,724,1688
662,71,733
409,37,446
152,733,885
507,583,1090
732,773,1505
543,892,1435
186,799,985
155,15,170
662,839,1501
662,524,1186
442,846,1288
704,907,1611
382,939,1321
227,577,804
931,96,1027
115,960,1075
633,611,1244
722,439,1161
923,821,1744
95,234,329
891,310,1201
294,354,648
130,147,277
691,560,1251
423,976,1399
807,987,1794
984,0,984
653,565,1218
618,429,1047
820,126,946
335,461,796
697,775,1472
182,855,1037
290,35,325
646,788,1434
422,361,783
883,699,1582
968,921,1889
275,74,349
889,731,1620
744,451,1195
645,679,1324
999,367,1366
177,538,715
187,755,942
383,449,832
568,893,1461
577,2,579
547,11,558
758,720,1478
314,417,731
74,10,84
865,428,1293
173,551,724
849,123,972
504,154,658
416,915,1331
995,76,1071
858,155,1013
978,969,1947
788,578,1366
258,746,1004
950,380,1330
36,782,818
629,216,845
889,380,1269
767,239,1006
981,926,1907
643,346,989
420,849,1269
756,346,1102
102,181,283
705,264,969
780,642,1422
775,765,1540
323,488,811
58,70,128
899,552,1451
877,205,1082
46,145,191
18,605,623
960,326,1286
165,81,246
682,103,785
392,647,1039
372,871,1243
292,697,989
566,947,1513
221,312,533
402,668,1070
881,783,1664
941,452,1393
199,751,950
582,903,1485
627,208,835
567,621,1188
867,109,976
374,294,668
491,711,1202
742,996,1738
854,958,1812
293,115,408
709,897,1606
285,395,680
918,930,1848
935,89,1024
102,546,648
168,190,358
795,692,1487
850,393,1243
577,405,982
944,983,1927
187,878,1065
63,89,152
170,994,1164
412,285,697
73,377,450
375,809,1184
499,673,1172
653,30,683
912,134,1046
94,685,779
256,833,1089
971,82,1053
618,381,999
864,273,1137
680,318,998
446,430,876
95,947,1042
673,306,979
442,364,806
949,234,1183
259,981,1240
219,611,830
9,910,919
285,425,710
693,743,1436
439,820,1259
215,903,1118
38,3,41
274,438,712
963,573,1536
760,510,1270
642,999,1641
335,711,1046
477,981,1458
718,448,1166
287,381,668
985,350,1335
714,108,822
127,544,671
889,771,1660
540,321,861
29,737,766
313,564,877
702,812,1514
388,953,1341
315,36,351
117,265,382
381,603,984
367,101,468
102,268,370
562,13,575
16,129,145
23,335,358
246,474,720
620,342,962
205,954,1159
731,205,936
374,263,637
761,45,806
772,203,975
518,374,892
214,601,815
555,425,980
474,179,653
777,681,1458
373,594,967
650,254,904
191,390,581
247,681,928
841,200,1041
610,369,979
997,729,1726
998,610,1608
98,391,489
933,431,1364
841,956,1797
329,423,752
721,582,1303
305,198,503
226,826,1052
871,619,1490
858,59,917
37,903,940
942,693,1635
947,604,1551
664,453,1117
84,897,981
105,385,490
811,781,1592
623,82,705
550,110,660
367,466,833
209,799,1008
767,896,1663
867,212,1079
601,631,1232
181,867,1048
378,662,1040
564,31,595
375,626,1001
640,216,856
508,751,1259
127,989,1116
913,166,1079
143,576,719
10,816,826
133,14,147
235,244,479
6,148,154
365,432,797
479,794,1273
981,58,1039
710,877,1587
204,292,496
202,986,1188
951,605,1556
353,876,1229
38,849,887
948,701,1649
754,834,1588
610,644,1254
928,746,1674
361,227,588
864,466,1330
574,871,1445
556,897,1453
393,517,910
886,338,1224
23,364,387
651,607,1258
209,604,813
147,353,500
695,139,834
345,123,468
621,572,1193
332,973,1305
296,760,1056
564,268,832
491,927,1418
919,599,1518
671,748,1419
380,114,494
847,995,1842
418,904,1322
216,943,1159
821,413,1234
796,631,1427
952,534,1486
79,953,1032
324,640,964
434,63,497
660,375,1035
465,683,1148
73,172,245
281,390,671
486,898,1384
270,155,425
625,284,909
64,976,1040
669,658,1327
592,768,1360
962,848,1810
110,791,901
974,97,1071
611,889,1500
404,397,801
836,27,863
705,928,1633
594,174,768
319,792,1111
837,220,1057
906,505,1411
672,396,1068
427,54,481
250,722,972
699,744,1443
92,24,116
562,925,1487
639,438,1077
10,495,505
868,371,1239
6,179,185
602,615,1217
515,450,965
451,122,573
850,124,974
293,994,1287
375,450,825
538,794,1332
585,867,1452
692,458,1150
184,976,1160
344,294,638
920,394,1314
961,912,1873
563,662,1225
132,890,1022
125,365,490
981,984,1965
312,54,366
62,610,672
951,975,1926
819,895,1714
797,43,840
907,167,1074
884,471,1355
959,942,1901
16,171,187
883,492,1375
803,178,981
775,262,1037
375,218,593
488,213,701
890,830,1720
855,31,886
231,706,937
609,760,1369
544,324,868
839,327,1166
4,17,21
883,463,1346
754,479,1233
709,111,820
202,502,704
643,576,1219
163,216,379
977,116,1093
538,483,1021
626,718,1344
973,416,1389
55,938,993
149,421,570
81,716,797
718,159,877
800,123,923
708,885,1593
642,946,1588
471,289,760
702,613,1315
880,583,1463
930,112,1042
668,758,1426
756,507,1263
807,654,1461
129,529,658
272,286,558
461,895,1356
697,217,914
834,985,1819
246,633,879
727,637,1364
348,227,575
588,968,1556
316,260,576
488,880,1368
681,255,936
836,276,1112
513,471,984
353,894,1247
443,915,1358
138,323,461
909,658,1567
260,27,287
95,406,501
860,97,957
710,427,1137
796,611,1407
17,384,401
968,478,1446
832,238,1070
934,250,1184
804,286,1090
863,238,1101
889,262,1151
672,324,996
482,621,1103
507,812,1319
814,735,1549
241,293,534
131,895,1026
519,829,1348
909,515,1424
870,564,1434
838,255,1093
21,338,359
687,979,1666
998,532,1530
886,47,933
537,335,872
565,41,606
44,744,788
974,352,1326
949,53,1002
92,673,765
504,77,581
890,438,1328
98,153,251
54,978,1032
821,47,868
703,884,1587
765,744,1509
159,978,1137
864,534,1398
568,804,1372
717,62,779
255,627,882
324,153,477
851,774,1625
272,106,378
985,729,1714
360,54,414
402,997,1399
776,50,826
209,565,774
756,616,1372
722,944,1666
992,155,1147
701,666,1367
595,843,1438
798,367,1165
22,27,49
669,59,728
15,387,402
555,46,601
216,324,540
622,251,873
475,22,497
424,63,487
390,274,664
293,965,1258
478,33,511
164,806,970
515,200,715
699,47,746
839,178,1017
784,321,1105
783,569,1352
777,151,928
702,391,1093
670,816,1486
360,281,641
762,939,1701
108,995,1103
124,938,1062
21,227,248
789,733,1522
251,31,282
924,62,986
270,511,781
283,244,527
184,363,547
877,777,1654
671,377,1048
535,981,1516
553,629,1182
738,249,987
324,852,1176
470,927,1397
823,789,1612
991,493,1484
386,752,1138
296,903,1199
110,196,306
778,446,1224
767,926,1693
446,792,1238
813,518,1331
523,869,1392
502,958,1460
733,475,1208
689,662,1351
823,275,1098
324,589,913
680,894,1574
415,33,448
520,750,1270
909,594,1503
518,541,1059
508,895,1403
538,189,727
534,487,1021
197,896,1093
912,107,1019
247,269,516
890,972,1862
527,37,564
197,685,882
12,464,476
268,775,1043
568,572,1140
700,711,1411
513,730,1243
934,298,1232
771,235,1006
370,894,1264
67,244,311
369,64,433
300,933,1233
128,469,597
918,929,1847
261,81,342
620,338,958
384,106,490
101,168,269
454,953,1407
95,26,121
119,617,736
991,64,1055
12,854,866
187,889,1076
621,450,1071
254,104,358
133,47,180
283,707,990
60,663,723
68,554,622
315,506,821
721,758,1479
506,540,1046
583,231,814
537,122,659
700,889,1589
746,312,1058
251,385,636
967,906,1873
728,605,1333
410,167,577
178,279,457
680,278,958
755,773,1528
783,841,1624
615,904,1519
68,914,982
924,574,1498
981,859,1840
720,827,1547
254,346,600
237,864,1101
720,559,1279
81,129,210
272,22,294
91,449,540
198,471,669
713,307,1020
46,350,396
136,614,750
498,19,517
433,547,980
650,770,1420
927,265,1192
916,471,1387
291,570,861
205,529,734
968,622,1590
127,45,172
978,537,1515
809,176,985
610,348,958
334,343,677
647,183,830
941,386,1327
831,862,1693
323,713,1036
738,817,1555
179,301,480
540,595,1135
888,407,1295
296,34,330
445,457,902
487,280,767
563,688,1251
5,364,369
784,221,1005
427,67,494
418,178,596
475,541,1016
717,854,1571
604,92,696
925,799,1724
415,365,780
735,736,1471
944,566,1510
301,205,506
361,994,1355
156,570,726
536,65,601
318,666,984
318,15,333
144,956,1100
978,157,1135
623,673,1296
134,76,210
701,108,809
646,897,1543
82,895,977
191,341,532
749,982,1731
253,640,893
575,391,966
260,782,1042
292,899,1191
926,161,1087
404,627,1031
448,333,781
958,32,990
397,789,1186
7,975,982
714,373,1087
373,521,894
247,870,1117
729,903,1632
880,258,1138
524,277,801
754,592,1346
689,325,1014
601,666,1267
626,314,940
829,259,1088
29,953,982
240,9,249
154,398,552
256,456,712
632,727,1359
457,100,557
718,438,1156
667,769,1436
812,110,922
677,234,911
839,2,841
664,132,796
424,273,697
289,616,905
992,628,1620
348,384,732
183,493,676
263,983,1246
399,314,713
257,927,1184
53,658,711
981,599,1580
881,181,1062
708,391,1099
793,801,1594
237,231,468
268,529,797
414,77,491
345,448,793
521,443,964
365,807,1172
93,764,857
424,224,648
530,414,944
937,567,1504
602,577,1179
268,431,699
418,998,1416
840,692,1532
521,247,768
767,782,1549
947,669,1616
533,216,749
788,608,1396
483,845,1328
895,293,1188
781,503,1284
528,981,1509
974,655,1629
908,998,1906
544,776,1320
203,653,856
123,894,1017
847,794,1641
485,544,1029
428,794,1222
519,504,1023
834,336,1170
365,593,958
245,910,1155
659,629,1288
925,675,1600
331,952,1283
238,30,268
449,449,898
251,432,683
848,14,862
192,348,540
421,908,1329
354,876,1230
344,713,1057
341,905,1246
249,962,1211
5,735,740
922,955,1877
971,625,1596
201,296,497
571,306,877
87,771,858
63,817,880
404,567,971
75,728,803
460,476,936
946,992,1938
399,41,440
559,101,660
534,388,922
585,424,1009
518,952,1470
452,100,552
913,963,1876
835,910,1745
961,574,1535
400,724,1124
970,48,1018
827,317,1144
205,214,419
479,880,1359
333,639,972
709,45,754
453,739,1192
926,311,1237
473,942,1415
552,370,922
441,905,1346
620,172,792
402,234,636
510,921,1431
264,498,762
372,494,866
195,864,1059
177,96,273
874,933,1807
812,764,1576
447,8,455
431,86,517
957,850,1807
920,274,1194
497,794,1291
349,960,1309
182,839,1021
672,672,1344
661,105,766
229,756,985
137,902,1039
222,101,323
467,182,649
932,838,1770
411,315,726
653,432,1085
360,470,830
252,840,1092
354,461,815
345,394,739
523,53,576
697,409,1106
691,991,1682
825,972,1797
444,643,1087
235,668,903
343,94,437
779,764,1543
145,930,1075
387,155,542
570,746,1316
817,433,1250
191,916,1107
314,794,1108
447,512,959
309,541,850
582,105,687
659,448,1107
363,151,514
279,559,838
708,900,1608
917,702,1619
560,914,1474
116,880,996
691,527,1218
653,363,1016
355,54,409
859,613,1472
988,285,1273
492,58,550
930,455,1385
460,716,1176
790,249,1039
948,248,1196
745,554,1299
805,134,939
344,630,974
815,878,1693
708,335,1043
502,997,1499
228,561,789
626,443,1069
343,574,917
722,201,923
370,678,1048
421,668,1089
852,952,1804
258,809,1067
587,82,669
93,824,917
949,979,1928
755,672,1427
192,467,659
793,423,1216
23,587,610
440,531,971
694,129,823
555,198,753
241,274,515
421,651,1072
894,330,1224
93,782,875
299,18,317
602,848,1450
37,976,1013
59,326,385
98,229,327
484,267,751
596,430,1026
637,966,1603
545,638,1183
868,148,1016
955,130,1085
711,296,1007
353,722,1075
887,860,1747
22,731,753
307,639,946
430,558,988
643,728,1371
363,917,1280
73,893,966
728,943,1671
217,726,943
328,502,830
29,339,368
209,336,545
346,918,1264
733,127,860
355,661,1016
744,184,928
498,93,591
790,622,1412
575,642,1217
324,326,650
151,664,815
455,188,643
100,122,222
481,343,824
230,703,933
220,995,1215
351,483,834
797,599,1396
163,743,906
854,630,1484
961,664,1625
266,798,1064
56,963,1019
399,141,540
986,69,1055
244,572,816
281,379,660
0,776,776
534,920,1454
849,776,1625
215,868,1083
757,649,1406
366,798,1164
618,876,1494
712,865,1577
419,992,1411
572,603,1175
667,132,799
395,66,461
772,561,1333
998,511,1509
501,376,877
935,468,1403
532,518,1050
536,730,1266
953,636,1589
938,186,1124
567,367,934
793,820,1613
574,709,1283
749,407,1156
939,432,1371
453,380,833
932,714,1646
386,851,1237
26,248,274
924,423,1347
500,429,929
778,576,1354
911,918,1829
368,292,660
86,461,547
346,706,1052
207,562,769
665,647,1312
279,91,370
318,293,611
354,618,972
805,240,1045
433,563,996
954,196,1150
662,185,847
619,49,668
816,448,1264
343,859,1202
453,927,1380
673,227,900
396,167,563
515,412,927
673,198,871
292,957,1249
469,991,1460
806,671,1477
348,802,1150
322,709,1031
293,763,1056
740,503,1243
983,924,1907
353,126,479
99,518,617
388,218,606
334,333,667
270,540,810
661,137,798
711,562,1273
251,514,765
924,993,1917
469,819,1288
811,555,1366
693,559,1252
79,179,258
665,51,716
939,637,1576
204,609,813
262,395,657
788,925,1713
541,205,746
977,478,1455
772,981,1753
81,535,616
919,411,1330
252,111,363
218,968,1186
302,296,598
685,213,898
769,314,1083
702,365,1067
89,639,728
498,77,575
13,571,584
503,805,1308
618,894,1512
816,976,1792
776,74,850
704,306,1010
462,680,1142
752,771,1523
631,880,1511
462,990,1452
518,272,790
765,13,778
957,53,1010
556,825,1381
828,280,1108
864,443,1307
532,584,1116
824,213,1037
613,810,1423
456,992,1448
991,337,1328
622,716,1338
522,208,730
804,377,1181
147,792,939
90,950,1040
996,762,1758
132,477,609
932,748,1680
206,604,810
271,694,965
590,662,1252
694,542,1236
3,90,93
132,932,1064
568,976,1544
567,101,668
651,574,1225
147,820,967
223,559,782
87,736,823
162,183,345
773,806,1579
411,269,680
601,905,1506
921,935,1856
239,247,486
174,864,1038
181,567,748
735,283,1018
421,2,423
81,210,291
150,808,958
193,241,434
51,661,712
873,161,1034
159,569,728
502,802,1304
575,59,634
353,918,1271
363,611,974
987,683,1670
968,423,1391
535,753,1288
931,743,1674
13,843,856
233,599,832
199,70,269
955,530,1485
953,908,1861
76,939,1015
518,898,1416
16,711,727
763,83,846
989,447,1436
526,69,595
511,374,885
47,145,192
441,132,573
369,976,1345
137,103,240
879,136,1015
361,863,1224
182,839,1021
592,199,791
798,237,1035
764,847,1611
322,575,897
534,925,1459
977,784,1761
619,670,1289
105,116,221
93,269,362
203,943,1146
278,528,806
111,959,1070
273,566,839
512,716,1228
807,193,1000
892,315,1207
737,605,1342
394,673,1067
768,442,1210
799,243,1042
22,880,902
731,771,1502
516,424,940
221,82,303
552,271,823
798,442,1240
516,91,607
828,819,1647
899,17,916
800,852,1652
934,915,1849
774,536,1310
925,136,1061
431,300,731
873,419,1292
272,681,953
893,238,1131
348,520,868
381,146,527
824,112,936
942,534,1476
6,517,523
751,842,1593
109,352,461
406,505,911
918,276,1194
724,844,1568
299,382,681
253,563,816
971,995,1966
686,50,736
272,338,610
813,155,968
478,566,1044
505,874,1379
917,416,1333
333,514,847
655,197,852
214,198,412
660,874,1534
747,226,973
696,565,1261
79,35,114
203,121,324
408,81,489
653,710,1363
421,297,718
762,959,1721
115,124,239
537,899,1436
836,810,1646
494,864,1358
103,807,910
779,726,1505
623,428,1051
297,800,1097
687,761,1448
16,569,585
20,952,972
924,704,1628
581,290,871
975,787,1762
626,923,1549
678,318,996
40,625,665
729,808,1537
836,833,1669
123,768,891
987,988,1975
326,445,771
337,752,1089
761,521,1282
990,457,1447
470,207,677
946,259,1205
976,862,1838
733,137,870
982,888,1870
250,485,735
607,224,831
238,898,1136
883,874,1757
118,825,943
846,801,1647
143,205,348
153,460,613
405,779,1184
322,964,1286
562,966,1528
344,64,408
152,513,665
248,128,376
53,89,142
803,812,1615
440,782,1222
824,308,1132
873,552,1425
675,821,1496
544,280,824
549,891,1440
137,159,296
423,487,910
196,104,300
429,689,1118
6,151,157
600,6,606
953,984,1937
903,522,1425
841,532,1373
212,487,699
56,150,206
665,498,1163
453,62,515
293,164,457
424,584,1008
592,874,1466
13,476,489
290,392,682
300,352,652
693,795,1488
583,764,1347
720,247,967
673,96,769
263,391,654
921,764,1685
918,7,925
873,806,1679
83,943,1026
930,265,1195
61,422,483
618,386,1004
489,786,1275
581,628,1209
718,66,784
345,936,1281
60,747,807
69,360,429
509,558,1067
63,401,464
425,571,996
323,421,744
841,501,1342
360,845,1205
977,214,1191
727,329,1056
684,898,1582
234,517,751
463,581,1044
337,830,1167
315,791,1106
707,802,1509
845,899,1744
957,190,1147
933,421,1354
170,568,738
886,797,1683
20,355,375
893,404,1297
586,162,748
740,9,749
20,509,529
409,649,1058
926,513,1439
171,529,700
975,934,1909
988,978,1966
949,99,1048
760,564,1324
89,501,590
526,810,1336
234,778,1012
99,524,623
586,963,1549
268,184,452
29,565,594
271,48,319
620,139,759
132,915,1047
534,64,598
72,504,576
111,594,705
735,390,1125
88,870,958
356,210,566
919,437,1356
691,217,908
643,165,808
973,818,1791
349,170,519
458,64,522
31,792,823
939,914,1853
248,181,429
923,664,1587
826,130,956
515,500,1015
563,434,997
604,303,907
490,782,1272
270,290,560
59,810,869
947,425,1372
108,511,619
623,102,725
200,923,1123
522,652,1174
516,891,1407
985,144,1129
772,42,814
311,936,1247
269,168,437
356,248,604
462,87,549
228,232,460
994,633,1627
941,7,948
9,287,296
348,879,1227
978,208,1186
250,584,834
616,118,734
34,206,240
199,386,585
187,23,210
300,737,1037
782,198,980
418,887,1305
852,15,867
889,924,1813
579,744,1323
524,513,1037
26,853,879
84,420,504
523,911,1434
523,379,902
10,618,628
407,588,995
463,207,670
791,442,1233
538,146,684
483,109,592
200,354,554
885,175,1060
617,697,1314
115,456,571
34,551,585
37,310,347
954,689,1643
134,558,692
185,974,1159
124,690,814
17,675,692
862,992,1854
139,692,831
811,993,1804
327,360,687
142,581,723
362,706,1068
655,128,783
447,407,854
705,382,1087
871,290,1161
497,725,1222
752,115,867
343,973,1316
326,5,331
921,142,1063
416,532,948
408,902,1310
158,310,468
847,833,1680
17,564,581
820,803,1623
224,3,227
133,386,519
